Node	dA	dNL	dNC	dH	dLCP	dIIC	dIICintra	dIICflux	dIICconnector	dF	dAWF	dPC	dPCintra	dPCflux	dPCconnector	
1	0.1389854	0.0825764	0.0000000	0.6948320	0.2777776	0.5440519	0.0011091	0.2325893	0.3077946	0.1994236	0.1233951	0.1157423	0.0025155	0.1131611	0.0016120	
2	0.0694927	0.2312139	0.0000000	0.3538912	0.1389371	0.1221925	0.0002773	0.1217216	-0.0023653	0.2781597	0.1006582	0.0944392	0.0006289	0.0938352	0.0015214	
3	0.0694927	0.2312139	0.0000000	0.3530071	0.1389371	0.1204768	0.0002773	0.1200209	-0.0023803	0.2809947	0.1015381	0.0961882	0.0006289	0.0947639	0.0023418	
4	0.0694927	0.0825764	0.0000000	0.6305780	0.1389371	0.4148669	0.0002773	0.1086534	0.3033773	0.1922084	0.0524364	0.0501429	0.0006289	0.0477830	0.0032773	
5	0.0694927	0.0660611	0.0000000	0.2732887	0.1389371	0.0996724	0.0002773	0.0993130	-0.0024768	0.1910957	0.0522961	0.0486788	0.0006289	0.0479874	0.0016088	
6	0.4864489	0.3137903	0.0000000	0.3800818	0.9705315	0.8930048	0.0135866	0.8787065	-0.0018472	0.3019244	0.6962675	0.7024032	0.0308148	0.6690400	0.0040947	
7	0.0694927	0.0660611	0.0000000	0.2732887	0.1389371	0.0996724	0.0002773	0.0993130	-0.0024768	0.1987928	0.0538646	0.0510764	0.0006289	0.0488083	0.0031855	
8	0.1389854	0.3963666	0.0000000	0.3996142	0.2777776	0.2633264	0.0011091	0.2621603	-0.0025019	0.3355054	0.2345546	0.2400530	0.0025155	0.2258863	0.0131975	
9	0.4864489	0.4954583	0.0000000	0.4028950	0.9705315	0.9188782	0.0135866	0.9045506	-0.0018179	0.3998324	0.9573718	0.9893073	0.0308148	0.8918832	0.0681556	
10	0.4169562	0.4789430	0.0000000	0.4136005	0.8321739	0.8173862	0.0099820	0.7906401	0.0142053	0.3974580	0.7623613	0.7536171	0.0226395	0.7087027	0.0238212	
11	0.5559416	0.4954583	0.0000000	0.4028950	1.1087930	1.0521620	0.0177457	1.0337720	-0.0019150	0.4021288	1.1006540	1.1501220	0.0402479	1.0190970	0.0923237	
12	0.0694927	0.4624277	0.0000000	0.4072739	0.1389371	0.1326337	0.0002773	0.1321430	-0.0023456	0.3989748	0.1349484	0.1430197	0.0006289	0.1244648	0.0194724	
13	0.9034051	0.4459125	0.0000000	0.3724774	1.7986490	1.6091420	0.0468598	1.5616640	-0.0019409	0.3951050	1.7751150	1.9173580	0.1062797	1.7413310	0.0712940	
14	0.0694927	0.4459125	0.0000000	0.3724774	0.1389371	0.1239861	0.0002773	0.1234553	-0.0023054	0.3795973	0.1530691	0.1420076	0.0006289	0.1414606	0.0014645	
15	0.5559416	0.4624277	0.0000000	0.3805169	1.1087930	1.0031620	0.0177457	0.9846533	-0.0017961	0.4203014	1.2450450	1.3722820	0.0402479	1.1211440	0.2124363	
16	0.0694927	0.3137903	0.0000000	0.3623865	0.1389371	0.1226257	0.0002773	0.1221060	-0.0023165	0.3394177	0.1212017	0.1207143	0.0006289	0.1191014	0.0025304	
17	0.0694927	0.3303055	0.0000000	0.3595340	0.1389371	0.1209187	0.0002773	0.1204053	-0.0023228	0.3689305	0.1369441	0.1490530	0.0006289	0.1331385	0.0168319	
18	0.0694927	0.4128819	0.0000000	0.3689480	0.1389371	0.1233362	0.0002773	0.1228083	-0.0023083	0.3920927	0.1511371	0.1438255	0.0006289	0.1432669	0.0014760	
19	0.0694927	0.0990917	0.0000000	0.6876835	0.1389371	0.4320580	0.0002773	0.1095506	0.3196712	0.2556495	0.0737514	0.0712003	0.0006289	0.0693574	0.0027604	
20	0.8339124	0.6440958	0.0000000	0.4058649	1.6608710	1.5486430	0.0399279	1.5080350	-0.0018783	0.4365178	1.8585260	1.8264370	0.0905579	1.6626290	0.0747959	
21	0.4169562	0.3137903	0.0000000	0.3623865	0.8321739	0.7351390	0.0099820	0.7243175	-0.0017194	0.3531039	0.6988498	0.7140668	0.0226395	0.6788771	0.0140966	
22	0.1389854	0.4624277	0.0000000	0.3805100	0.2777776	0.2506583	0.0011091	0.2493058	-0.0023155	0.4119805	0.3124950	0.2977424	0.0025155	0.2854665	0.0113067	
23	0.3474635	0.5615194	0.0000000	0.4182764	0.6937197	0.6686445	0.0069319	0.6611730	-0.0020193	0.4637696	0.7925007	0.7688869	0.0157218	0.7040823	0.0506291	
24	0.6949270	0.6275805	0.0000000	0.4023148	1.3850250	1.2870330	0.0277277	1.2585440	-0.0017982	0.4572490	1.6363220	1.6075790	0.0628874	1.4216960	0.1245415	
25	0.1389854	0.4789430	0.0000000	0.4183041	0.2777776	0.2664977	0.0011091	0.2653331	-0.0025034	0.4328181	0.2634826	0.2512548	0.0025155	0.2423993	0.0078863	
26	0.2084781	0.5615194	0.0000000	0.4298039	0.4165216	0.4060720	0.0024955	0.4035175	-0.0025000	0.4544069	0.4245663	0.4192625	0.0056599	0.3848380	0.0303108	
27	0.2084781	0.6440958	0.0000000	0.4001806	0.4165216	0.3802592	0.0024955	0.3779311	-0.0027262	0.4499488	0.5013080	0.6213177	0.0056599	0.4552234	0.1619808	
28	0.2779708	0.5615194	0.0000000	0.3925209	0.5551689	0.5037601	0.0044364	0.4991019	-0.0023372	0.4422658	0.6213557	0.7210139	0.0100620	0.5940276	0.1184706	
29	0.0694927	0.5284889	0.0000000	0.4265922	0.1389371	0.1393750	0.0002773	0.1363007	0.0002381	0.4226615	0.1535536	0.1431573	0.0006289	0.1426106	0.0014641	
30	0.2779708	0.6110652	0.0000000	0.4374774	0.5551689	0.5510965	0.0044364	0.5437538	0.0003474	0.4715305	0.6018578	0.5728748	0.0100620	0.5331261	0.0312330	
31	0.0694927	0.4789430	0.0000000	0.4183041	0.1389371	0.1334395	0.0002773	0.1329438	-0.0023405	0.4328748	0.1322896	0.1278973	0.0006289	0.1225578	0.0062568	
32	0.0694927	0.0660611	0.0000000	0.2732887	0.1389371	0.0996724	0.0002773	0.0993130	-0.0024768	0.2691726	0.0752179	0.0822646	0.0006289	0.0696777	0.0135043	
33	0.2084781	0.6110652	0.0000000	0.3978254	0.4165216	0.3797047	0.0024955	0.3773765	-0.0027262	0.4530319	0.4903859	0.5591083	0.0056599	0.4601473	0.0948475	
34	0.1389854	0.5450041	0.0000000	0.4277733	0.2777776	0.2728404	0.0011091	0.2716771	-0.0025046	0.4516852	0.3224862	0.3858732	0.0025155	0.3032631	0.0816409	
35	0.1389854	0.5284889	0.0000000	0.3889778	0.2777776	0.2512735	0.0011091	0.2499207	-0.0023152	0.4446898	0.3130178	0.4048377	0.0025155	0.3034715	0.1003969	
36	0.0694927	0.4128819	0.0000000	0.4044490	0.1389371	0.1337861	0.0002773	0.1332744	-0.0023245	0.3950057	0.1431926	0.1414082	0.0006289	0.1404437	0.0018820	
37	0.1389854	0.4789430	0.0000000	0.3822712	0.2777776	0.2508489	0.0011091	0.2494906	-0.0023097	0.4350436	0.3137638	0.2947650	0.0025155	0.2686826	0.0251133	
38	0.2084781	0.5615194	0.0000000	0.4277388	0.4165216	0.4044863	0.0024955	0.4020202	-0.0025883	0.4642161	0.4238011	0.4044544	0.0056599	0.3820112	0.0183297	
39	0.1389854	0.3963666	0.0000000	0.4026740	0.2777776	0.2669830	0.0011091	0.2658094	-0.0024944	0.3902145	0.2792696	0.2776282	0.0025155	0.2743991	0.0022600	
40	0.3474635	0.5284889	0.0000000	0.3889639	0.6937197	0.6295225	0.0069319	0.6220289	-0.0019972	0.4605235	0.7727287	0.8777706	0.0157218	0.7402950	0.1233000	
41	0.0694927	0.4954583	0.0000000	0.3854346	0.1389371	0.1237435	0.0002773	0.1232042	-0.0022970	0.4095140	0.1362172	0.1372419	0.0006289	0.1363843	0.0017751	
42	0.7644197	0.4789430	0.0000000	0.4215572	1.5229960	1.5083000	0.0335505	1.4733820	-0.0011917	0.4509269	1.6090840	1.6778260	0.0760938	1.5096410	0.0936376	
43	0.3474635	0.5615194	0.0000000	0.4301078	0.6937197	0.6839381	0.0069319	0.6764199	-0.0019727	0.4660660	0.8045323	0.8564871	0.0157218	0.7400906	0.1022210	
44	0.0694927	0.5119736	0.0000000	0.3871958	0.1389371	0.1238215	0.0002773	0.1232967	-0.0023114	0.4192240	0.1396858	0.1408776	0.0006289	0.1366399	0.0051552	
45	0.0694927	0.4293972	0.0000000	0.4096291	0.1389371	0.1345486	0.0002773	0.1340600	-0.0023476	0.4106481	0.1484719	0.1460167	0.0006289	0.1448450	0.0020891	
46	0.1389854	0.4789430	0.0000000	0.3799782	0.2777776	0.2418721	0.0011091	0.2405148	-0.0023108	0.3752172	0.2366714	0.2334793	0.0025155	0.2294558	0.0030543	
47	0.2779708	0.5450041	0.0000000	0.3907321	0.5551689	0.4989251	0.0044364	0.4942958	-0.0023661	0.4402458	0.5648131	0.5743880	0.0100620	0.5456125	0.0202598	
48	0.1389854	0.5284889	0.0000000	0.4304117	0.2777776	0.2809508	0.0011091	0.2741726	0.0031102	0.4623662	0.3286837	0.3830924	0.0025155	0.3048674	0.0772558	
49	0.0694927	0.6275805	0.0000000	0.4381750	0.1389371	0.1380232	0.0002773	0.1375524	-0.0023653	0.4947778	0.1695319	0.1609426	0.0006289	0.1516129	0.0102472	
50	0.2084781	0.6606111	0.0000000	0.4031160	0.4165216	0.3819229	0.0024955	0.3795947	-0.0027262	0.4923326	0.5198495	0.5118642	0.0056599	0.4648074	0.0429432	
51	0.2779708	0.6275805	0.0000000	0.4535910	0.5551689	0.5880869	0.0044364	0.5581817	0.0229099	0.5119723	0.6595544	0.6175445	0.0100620	0.5834166	0.0256121	
52	0.1389854	0.4624277	0.0000000	0.3804824	0.2777776	0.2479029	0.0011091	0.2465330	-0.0022982	0.4308406	0.2876859	0.2670258	0.0025155	0.2525305	0.0135261	
53	0.0694927	0.7101569	0.0000000	0.4129029	0.1389371	0.1300862	0.0002773	0.1295514	-0.0023015	0.4839976	0.1713937	0.1573757	0.0006289	0.1463720	0.0119212	
54	0.0694927	0.7927333	0.0000000	0.4234980	0.1389371	0.1306581	0.0002773	0.1295110	-0.0016891	0.4998809	0.1781714	0.1559215	0.0006289	0.1545446	0.0022943	
55	0.2084781	0.6275805	0.0000000	0.4412623	0.4165216	0.4144163	0.0024955	0.4119902	-0.0026284	0.5032049	0.5132822	0.5727863	0.0056599	0.4617386	0.1069342	
56	0.0694927	0.6440958	0.0000000	0.4539018	0.1389371	0.1423643	0.0002773	0.1418904	-0.0023622	0.5007243	0.1722290	0.1979184	0.0006289	0.1564756	0.0423603	
57	0.2084781	0.2972750	0.0000000	0.4071358	0.4165216	0.3939671	0.0024955	0.3915011	-0.0025884	0.4137312	0.3295700	0.3269555	0.0056599	0.2998004	0.0230416	
58	0.0694927	0.6771263	0.0000000	0.4614371	0.1389371	0.1435774	0.0002773	0.1430524	-0.0023112	0.5156153	0.1675235	0.1505662	0.0006289	0.1500077	0.0014759	
59	0.0694927	0.3137903	0.0000000	0.4359993	0.1389371	0.1434301	0.0002773	0.1362773	0.0043166	0.4030856	0.1092594	0.1149562	0.0006289	0.1025083	0.0133653	
60	0.2779708	0.4789430	0.0000000	0.3822505	0.5551689	0.4965769	0.0044364	0.4919569	-0.0023754	0.4421524	0.5690468	0.5326661	0.0100620	0.4974057	0.0267448	
61	0.3474635	0.6606111	0.0000000	0.4586191	0.6937197	0.7132081	0.0069319	0.7048307	-0.0011134	0.5117738	0.8449371	0.8690646	0.0157218	0.7579958	0.0968932	
62	0.0694927	0.2972750	0.0000000	0.4261709	0.1389371	0.1358917	0.0002773	0.1353531	-0.0022976	0.4024406	0.1086792	0.1113795	0.0006289	0.1026317	0.0096652	
63	0.2779708	0.5780347	0.0000000	0.4212187	0.5551689	0.5388183	0.0044364	0.5338686	-0.0020457	0.4665054	0.6041022	0.5402323	0.0100620	0.5169167	0.0147999	
64	0.2779708	0.8587944	0.0000000	0.4270343	0.5551689	0.5219304	0.0044364	0.5173045	-0.0023694	0.5200451	0.7102182	0.6821220	0.0100620	0.6196090	0.0539973	
65	0.7644197	0.7597027	0.0000000	0.4164047	1.5229960	1.4222570	0.0335505	1.3880200	-0.0018725	0.5277138	1.8612420	1.7957890	0.0760938	1.6066540	0.1145875	
66	0.0694927	0.3963666	0.0000000	0.3892126	0.1389371	0.1287951	0.0002773	0.1282627	-0.0023037	0.3717726	0.1353884	0.1229252	0.0006289	0.1222937	0.0015489	
67	0.0694927	0.6936416	0.0000000	0.4705541	0.1389371	0.1453624	0.0002773	0.1431449	-0.0006187	0.5169974	0.1584632	0.1491021	0.0006289	0.1419746	0.0080450	
68	0.0694927	0.6110652	0.0000000	0.4561396	0.1389371	0.1406314	0.0002773	0.1401041	-0.0023089	0.5028860	0.1472095	0.1416440	0.0006289	0.1326072	0.0099543	
69	0.0694927	0.5780347	0.0000000	0.4526033	0.1389371	0.1398862	0.0002773	0.1393647	-0.0023147	0.4977404	0.1444997	0.1369177	0.0006289	0.1313005	0.0065346	
70	0.1389854	0.4789430	0.0000000	0.4094288	0.2777776	0.2635343	0.0011091	0.2623130	-0.0024467	0.4348168	0.2801813	0.2676645	0.0025155	0.2506719	0.0160235	
71	0.2779708	0.6936416	0.0000000	0.4136972	0.5551689	0.5106400	0.0044364	0.5050938	-0.0014491	0.4995265	0.6378504	0.6115702	0.0100620	0.5663733	0.0366812	
72	0.0694927	0.5780347	0.0000000	0.3952699	0.1389371	0.1233795	0.0002773	0.1228645	-0.0023211	0.4162827	0.1269848	0.1236622	0.0006289	0.1185118	0.0060679	
73	0.1389854	0.3303055	0.0000000	0.3434481	0.2777776	0.2229653	0.0011091	0.2216279	-0.0023307	0.3022575	0.1748495	0.1632419	0.0025155	0.1603278	0.0019450	
74	0.6949270	0.7597027	0.0000000	0.4897619	1.3850250	1.4649750	0.0277277	1.4327560	0.0019326	0.5505642	1.6487230	1.6404380	0.0628874	1.4570870	0.1220091	
75	0.0694927	0.5450041	0.0000000	0.4176548	0.1389371	0.1342280	0.0002773	0.1337444	-0.0023526	0.4566395	0.1496515	0.1338912	0.0006289	0.1317993	0.0030093	
76	0.0694927	0.5780347	0.0000000	0.3952077	0.1389371	0.1233795	0.0002773	0.1228645	-0.0023211	0.4265384	0.1297010	0.1216183	0.0006289	0.1192025	0.0033332	
77	0.4169562	0.4789430	0.0000000	0.4292721	0.8321739	0.8109915	0.0099820	0.7984544	-0.0000038	0.4060482	0.8330458	0.8520752	0.0226395	0.7310612	0.0999208	
78	0.1389854	0.2312139	0.0000000	0.3434619	0.2777776	0.2372277	0.0011091	0.2359804	-0.0024208	0.2739922	0.1942007	0.1780794	0.0025155	0.1756034	0.0015068	
79	0.2084781	0.7597027	0.0000000	0.4214121	0.4165216	0.3836819	0.0024955	0.3813435	-0.0027161	0.4914537	0.4539725	0.4576041	0.0056599	0.4089645	0.0445261	
80	0.2779708	0.4624277	0.0000000	0.4275661	0.5551689	0.5542505	0.0044364	0.5489357	-0.0016806	0.4648256	0.6244672	0.5681189	0.0100620	0.5440209	0.0155824	
81	0.0694927	0.2312139	0.0000000	0.3434619	0.1389371	0.1187958	0.0002773	0.1182675	-0.0023079	0.2744529	0.0985095	0.0906463	0.0006289	0.0885626	0.0030012	
82	0.2084781	0.6110652	0.0000000	0.4265025	0.4165216	0.4049282	0.0024955	0.4024533	-0.0025795	0.4891006	0.4652325	0.4208838	0.0056599	0.3993487	0.0174215	
83	0.1389854	0.6606111	0.0000000	0.4374152	0.2777776	0.2733170	0.0011091	0.2714447	-0.0017957	0.4940123	0.3189029	0.2964257	0.0025155	0.2704165	0.0250400	
84	0.0694927	0.7597027	0.0000000	0.4214121	0.1389371	0.1281972	0.0002773	0.1276691	-0.0023080	0.4895046	0.1533624	0.1597831	0.0006289	0.1389426	0.0217580	
85	0.2779708	0.3303055	0.0000000	0.3457480	0.5551689	0.4483394	0.0044364	0.4438394	-0.0024954	0.3013503	0.3294807	0.3097499	0.0100620	0.2996279	0.0016064	
86	0.0694927	0.7266722	0.0000000	0.4178689	0.1389371	0.1283879	0.0002773	0.1278539	-0.0023023	0.5171533	0.1686967	0.1565405	0.0006289	0.1469792	0.0104788	
87	0.4864489	0.3633361	0.0000000	0.3859388	0.9705315	0.9075359	0.0135866	0.8932527	-0.0018623	0.3602340	0.8655763	0.8261931	0.0308148	0.7896996	0.0072249	
88	0.2084781	0.6771263	0.0000000	0.4189188	0.4165216	0.3759788	0.0024955	0.3705621	0.0003623	0.4473618	0.3915449	0.3697091	0.0056599	0.3498302	0.0157654	
89	0.6254343	0.3798514	0.0000000	0.4164876	1.2469570	1.2511080	0.0224594	1.1933700	0.0327193	0.3787610	1.1335670	1.1235130	0.0509388	1.0087100	0.0654106	
90	0.0694927	0.4128819	0.0000000	0.3588019	0.1389371	0.1141947	0.0002773	0.1136957	-0.0023371	0.3487805	0.0999760	0.0993817	0.0006289	0.0907196	0.0095795	
91	0.2084781	0.7266722	0.0000000	0.4893613	0.4165216	0.4392239	0.0024955	0.4339285	0.0002410	0.5263885	0.4966599	0.5350244	0.0056599	0.4492044	0.0817064	
92	0.4169562	0.7927333	0.0000000	0.4616305	0.8321739	0.8343781	0.0099820	0.8152833	0.0065538	0.5409109	0.9920382	0.9518008	0.0226395	0.8501341	0.0805737	
93	0.2084781	0.6110652	0.0000000	0.4633848	0.4165216	0.4225786	0.0024955	0.4200732	-0.0025490	0.5429380	0.4446890	0.4325867	0.0056599	0.4013610	0.0271122	
94	0.1389854	0.8092486	0.0000000	0.4562432	0.2777776	0.2740015	0.0011091	0.2727778	-0.0024443	0.5290109	0.3355953	0.3165595	0.0025155	0.2900840	0.0255062	
95	0.0694927	0.4128819	0.0000000	0.3588019	0.1389371	0.1141947	0.0002773	0.1136957	-0.0023371	0.3459312	0.0987454	0.1057393	0.0006289	0.0897835	0.0168732	
96	0.1389854	0.4789430	0.0000000	0.4288439	0.2777776	0.2752493	0.0011091	0.2728647	-0.0012834	0.4023556	0.2801495	0.2492503	0.0025155	0.2423562	0.0059249	
97	0.1389854	0.5615194	0.0000000	0.4566161	0.2777776	0.2800583	0.0011091	0.2789027	-0.0025124	0.5373955	0.2901534	0.2826003	0.0025155	0.2618827	0.0197484	
98	0.1389854	0.7597027	0.0000000	0.4301147	0.2777776	0.2580841	0.0011091	0.2568290	-0.0024129	0.4845787	0.2869144	0.2694332	0.0025155	0.2553824	0.0130816	
99	0.0694927	0.3137903	0.0000000	0.3433859	0.1389371	0.1116386	0.0002773	0.1111447	-0.0023423	0.3119817	0.0880528	0.0852616	0.0006289	0.0847322	0.0014468	
100	0.0694927	0.4293972	0.0000000	0.4225172	0.1389371	0.1400681	0.0002773	0.1358316	0.0014004	0.3911501	0.1389079	0.1293122	0.0006289	0.1208625	0.0093671	
101	0.4169562	0.3798514	0.0000000	0.3552725	0.8321739	0.6833662	0.0099820	0.6727464	-0.0019212	0.3477811	0.5407501	0.5379919	0.0226395	0.5014318	0.0154669	
102	0.4169562	0.8257638	0.0000000	0.4706922	0.8321739	0.8307475	0.0099820	0.8127878	0.0054187	0.5420591	0.9810268	0.9258794	0.0226395	0.8407357	0.0640506	
103	0.2779708	0.7266722	0.0000000	0.4462352	0.5551689	0.5452390	0.0044364	0.5401949	-0.0019513	0.5270405	0.6418801	0.6155301	0.0100620	0.5610729	0.0459415	
104	0.3474635	0.7597027	0.0000000	0.5147577	0.6937197	0.7389515	0.0069319	0.7208110	0.0086497	0.5418607	0.8100093	0.8775544	0.0157218	0.7294775	0.1339013	
105	0.2084781	0.4624277	0.0000000	0.4673148	0.4165216	0.4354720	0.0024955	0.4178713	0.0125463	0.5134252	0.3998209	0.3706623	0.0056599	0.3594882	0.0070605	
106	0.0694927	0.6606111	0.0000000	0.4391626	0.1389371	0.1351985	0.0002773	0.1346790	-0.0023168	0.5155374	0.1601082	0.1842110	0.0006289	0.1441221	0.0410063	
107	0.2084781	0.7431874	0.0000000	0.4948453	0.4165216	0.4367544	0.0024955	0.4297264	0.0019736	0.5715081	0.4723991	0.4438671	0.0056599	0.4233277	0.0164259	
108	0.0694927	0.6936416	0.0000000	0.4722186	0.1389371	0.1417405	0.0002773	0.1412259	-0.0023217	0.5646260	0.1559638	0.1503304	0.0006289	0.1419222	0.0093256	
109	0.1389854	0.6440958	0.0000000	0.4379816	0.2777776	0.2672516	0.0011091	0.2660307	-0.0024472	0.5153318	0.3092751	0.2925050	0.0025155	0.2739888	0.0175470	
110	0.1389854	0.6440958	0.0000000	0.4729024	0.2777776	0.2861671	0.0011091	0.2850055	-0.0025064	0.5722310	0.3195277	0.2973886	0.0025155	0.2867831	0.0096364	
111	0.0694927	0.4459125	0.0000000	0.4618446	0.1389371	0.1424250	0.0002773	0.1413737	-0.0017849	0.5181598	0.1365615	0.1282903	0.0006289	0.1229123	0.0062954	
112	0.0694927	0.1816680	0.0000000	0.5960094	0.1389371	0.2333112	0.0002773	0.1377854	0.0926896	0.3930496	0.1014616	0.1011013	0.0006289	0.0912487	0.0107701	
113	0.0694927	0.6936416	0.0000000	0.4230421	0.1389371	0.1280413	0.0002773	0.1274902	-0.0022852	0.4924318	0.1441809	0.1335178	0.0006289	0.1251155	0.0093197	
114	0.0694927	0.1651528	0.0000000	0.3208559	0.1389371	0.1077481	0.0002773	0.1072485	-0.0023366	0.2406238	0.0659025	0.0635654	0.0006289	0.0629501	0.0015328	
115	0.0694927	0.4624277	0.0000000	0.4532802	0.1389371	0.1405967	0.0002773	0.1400631	-0.0023026	0.5357937	0.1417580	0.1355911	0.0006289	0.1273400	0.0091686	
116	0.3474635	0.7101569	0.0000000	0.4248034	0.6937197	0.6412028	0.0069319	0.6337541	-0.0020422	0.4901212	0.6772861	0.6287856	0.0157218	0.5939754	0.0206346	
117	0.0694927	0.3137903	0.0000000	0.3753230	0.1389371	0.1275127	0.0002773	0.1269879	-0.0023114	0.3015487	0.1083413	0.1074687	0.0006289	0.1008080	0.0075781	
118	0.4169562	0.2972750	0.0000000	0.3735618	0.8321739	0.7638285	0.0099820	0.7530547	-0.0017671	0.3057304	0.6092285	0.6040138	0.0226395	0.5682117	0.0147090	
119	0.4169562	0.3137903	0.0000000	0.3753230	0.8321739	0.7643744	0.0099820	0.7536092	-0.0017757	0.3355267	0.6679261	0.6613495	0.0226395	0.5875847	0.0526716	
120	0.0694927	0.2972750	0.0000000	0.3641063	0.1389371	0.1247919	0.0002773	0.1242799	-0.0023241	0.3359165	0.1196013	0.1175700	0.0006289	0.1053969	0.0130905	
121	0.0694927	0.3798514	0.0000000	0.4029502	0.1389371	0.1281019	0.0002773	0.1276111	-0.0023454	0.4802837	0.1397432	0.1348640	0.0006289	0.1258683	0.0099132	
122	0.2084781	0.4293972	0.0000000	0.4094357	0.4165216	0.3877977	0.0024955	0.3853288	-0.0025855	0.4966347	0.4250381	0.4062624	0.0056599	0.3755058	0.0266431	
123	0.0694927	0.3137903	0.0000000	0.3753230	0.1389371	0.1275127	0.0002773	0.1269879	-0.0023114	0.3232368	0.1149851	0.1031648	0.0006289	0.1025318	0.0015505	
124	0.1389854	0.1816680	0.0000000	0.4000839	0.2777776	0.2624339	0.0011091	0.2612892	-0.0025233	0.3904272	0.2033567	0.1979971	0.0025155	0.1844974	0.0125305	
125	0.0694927	0.3137903	0.0000000	0.3753230	0.1389371	0.1275127	0.0002773	0.1269879	-0.0023114	0.3264191	0.1160563	0.1063092	0.0006289	0.1026557	0.0045709	
126	0.2084781	0.1981833	0.0000000	0.4073499	0.4165216	0.3981436	0.0024955	0.3956038	-0.0025146	0.3955657	0.3038938	0.2914242	0.0056599	0.2730808	0.0142297	
127	0.0694927	0.6606111	0.0000000	0.5183561	0.1389371	0.1627529	0.0002773	0.1468814	0.0130352	0.5688502	0.1510160	0.1488270	0.0006289	0.1361081	0.0136363	
128	0.0694927	0.5780347	0.0000000	0.4124264	0.1389371	0.1276687	0.0002773	0.1260114	-0.0011790	0.4888597	0.1391375	0.1331739	0.0006289	0.1199668	0.0141245	
129	0.0694927	0.4293972	0.0000000	0.3743560	0.1389371	0.1174008	0.0002773	0.1168383	-0.0022738	0.3683635	0.1010854	0.0947045	0.0006289	0.0889684	0.0066535	
130	0.0694927	0.3963666	0.0000000	0.4058925	0.1389371	0.1283965	0.0002773	0.1278884	-0.0023281	0.4831896	0.1383978	0.1333901	0.0006289	0.1230113	0.0112962	
131	0.2084781	0.6275805	0.0000000	0.5095845	0.4165216	0.4874961	0.0024955	0.4416092	0.0408324	0.5906304	0.4738529	0.4501461	0.0056599	0.4306635	0.0153689	
132	0.0694927	0.6110652	0.0000000	0.4837668	0.1389371	0.1469307	0.0002773	0.1464193	-0.0023248	0.5773270	0.1537895	0.1440023	0.0006289	0.1378876	0.0070321	
133	0.2084781	0.6275805	0.0000000	0.4921033	0.4165216	0.4469443	0.0024955	0.4444311	-0.0025412	0.5946632	0.4737062	0.4446434	0.0056599	0.4285795	0.0119504	
134	0.2084781	0.4128819	0.0000000	0.4108516	0.4165216	0.3864113	0.0024955	0.3839345	-0.0025776	0.4901779	0.4097420	0.3928890	0.0056599	0.3614214	0.0273541	
135	0.1389854	0.5780347	0.0000000	0.4473265	0.2777776	0.2693918	0.0011091	0.2641162	0.0016076	0.4923609	0.2739137	0.2631150	0.0025155	0.2366985	0.0254473	
136	0.0694927	0.5780347	0.0000000	0.5166087	0.1389371	0.1865553	0.0002773	0.1453134	0.0384057	0.5479277	0.1555876	0.1895269	0.0006289	0.1453748	0.0450696	
137	0.0694927	0.5780347	0.0000000	0.4396530	0.1389371	0.1354931	0.0002773	0.1332689	-0.0006120	0.4954653	0.1404063	0.1257453	0.0006289	0.1207712	0.0058916	
138	0.2084781	0.4624277	0.0000000	0.5360099	0.4165216	0.5092190	0.0024955	0.4302485	0.0739161	0.4674268	0.4221370	0.4085323	0.0056599	0.3736492	0.0307696	
139	0.1389854	0.4789430	0.0000000	0.3949660	0.2777776	0.2422707	0.0011091	0.2408763	-0.0022737	0.3949420	0.2120791	0.1986947	0.0025155	0.1869302	0.0107953	
140	0.2779708	0.2642444	0.0000000	0.3659297	0.5551689	0.5032575	0.0044364	0.4985243	-0.0022621	0.2848858	0.3926288	0.3706525	0.0100620	0.3555464	0.0065903	
141	0.0694927	0.5284889	0.0000000	0.4298937	0.1389371	0.1331536	0.0002773	0.1326219	-0.0023045	0.4880021	0.1367146	0.1229547	0.0006289	0.1179986	0.0058736	
142	0.1389854	0.6936416	0.0000000	0.5141361	0.2777776	0.3036095	0.0011091	0.3000769	-0.0001354	0.5896381	0.3153323	0.3209518	0.0025155	0.2889522	0.0310303	
143	0.0694927	0.3468208	0.0000000	1.3913360	0.1389371	0.9185056	0.0002773	0.1390200	0.7766495	0.4637554	0.1290060	0.1300688	0.0006289	0.1157728	0.0152135	
144	0.2084781	0.5119736	0.0000000	0.4038826	0.4165216	0.3719929	0.0024955	0.3691456	-0.0022071	0.4406853	0.3533844	0.3238603	0.0056599	0.3085161	0.0112307	
145	0.1389854	0.4789430	0.0000000	0.4075294	0.2777776	0.2517761	0.0011091	0.2490547	-0.0009466	0.4734512	0.2568132	0.2481891	0.0025155	0.2244827	0.0227371	
146	0.0694927	0.6275805	0.0000000	0.4913021	0.1389371	0.1496515	0.0002773	0.1491069	-0.0022916	0.5677871	0.1553198	0.1839850	0.0006289	0.1449810	0.0399214	
147	0.0694927	0.3468208	0.0000000	0.4571065	0.1389371	0.1430402	0.0002773	0.1425066	-0.0023025	0.4538753	0.1155462	0.1131678	0.0006289	0.1042650	0.0098203	
148	0.0694927	0.6440958	0.0000000	0.5005296	0.1389371	0.1495909	0.0002773	0.1490820	-0.0023273	0.5799848	0.1525909	0.1414279	0.0006289	0.1371362	0.0052091	
149	0.0694927	0.6771263	0.0000000	0.5111938	0.1389371	0.1522510	0.0002773	0.1517306	-0.0023158	0.5861085	0.1553262	0.1459479	0.0006289	0.1419469	0.0049185	
150	0.2084781	0.4459125	0.0000000	0.4101540	0.4165216	0.3767933	0.0024955	0.3698110	0.0019278	0.4276087	0.3381585	0.3089245	0.0056599	0.2968616	0.0079494	
151	0.0694927	0.1651528	0.0000000	0.3191223	0.1389371	0.1145067	0.0002773	0.1140021	-0.0023316	0.1942284	0.0669673	0.0611089	0.0006289	0.0605027	0.0015236	
152	0.0694927	0.3633361	0.0000000	0.3864568	0.1389371	0.1257104	0.0002773	0.1198211	0.0030531	0.3561728	0.0948241	0.0857332	0.0006289	0.0834101	0.0032406	
153	0.0694927	0.1981833	0.0000000	0.4177446	0.1389371	0.1358397	0.0002773	0.1352696	-0.0022661	0.4088124	0.1065688	0.1067907	0.0006289	0.0946328	0.0130754	
154	0.0694927	0.4459125	0.0000000	0.4075294	0.1389371	0.1259530	0.0002773	0.1248416	-0.0017248	0.4480280	0.1206279	0.1185329	0.0006289	0.1077699	0.0116804	
155	0.2084781	0.2807597	0.0000000	0.6912750	0.4165216	0.5840144	0.0024955	0.4123705	0.1665895	0.3443436	0.3501071	0.3161664	0.0056599	0.2952926	0.0167603	
156	0.1389854	0.5119736	0.0000000	0.4725294	0.2777776	0.2904995	0.0011091	0.2893185	-0.0024870	0.5351983	0.2935710	0.2825020	0.0025155	0.2735288	0.0080040	
157	0.0694927	0.5284889	0.0000000	0.4760588	0.1389371	0.1464455	0.0002773	0.1459070	-0.0022977	0.5493593	0.1503529	0.1436388	0.0006289	0.1418989	0.0026573	
158	0.0694927	0.3963666	0.0000000	0.3991584	0.1389371	0.1249132	0.0002773	0.1243795	-0.0023024	0.4426698	0.1186959	0.1173341	0.0006289	0.1064849	0.0117666	
159	0.1389854	0.4789430	0.0000000	0.5829762	0.2777776	0.3496808	0.0011091	0.2679691	0.0780437	0.4576459	0.2443481	0.2201157	0.0025155	0.2103516	0.0087949	
160	0.4864489	0.6440958	0.0000000	0.5536154	0.9705315	1.0610870	0.0135866	1.0232990	0.0216424	0.5686730	0.9665214	0.9288961	0.0308148	0.8520114	0.0476161	
161	0.4169562	0.6771263	0.0000000	0.5123679	0.8321739	0.9142858	0.0099820	0.9026200	-0.0008750	0.5975550	0.9081426	0.9877154	0.0226395	0.8548498	0.1117725	
162	0.0694927	0.5450041	0.0000000	0.4778270	0.1389371	0.1468181	0.0002773	0.1462767	-0.0022948	0.5598915	0.1509267	0.1458398	0.0006289	0.1435037	0.0032535	
163	0.0694927	0.2972750	0.0000000	0.5197997	0.1389371	0.2007571	0.0002773	0.1434841	0.0544369	0.4423580	0.1292674	0.1201444	0.0006289	0.1152314	0.0058305	
164	0.9034051	0.2146986	0.0000000	0.3662060	1.7986490	1.6599090	0.0468598	1.6125990	-0.0021088	0.3175100	1.2329750	1.1984770	0.1062797	1.0491990	0.0445444	
165	0.1389854	0.6110652	0.0000000	0.5023945	0.2777776	0.3022751	0.0011091	0.3010582	-0.0024511	0.5798076	0.3051881	0.3346101	0.0025155	0.2933593	0.0402816	
166	0.0694927	0.6440958	0.0000000	0.5133556	0.1389371	0.1534901	0.0002773	0.1510836	-0.0004298	0.5793682	0.1534006	0.1591051	0.0006289	0.1458762	0.0141464	
167	0.0694927	0.5450041	0.0000000	0.4813978	0.1389371	0.1473293	0.0002773	0.1467923	-0.0022992	0.5568368	0.1494602	0.1467930	0.0006289	0.1424571	0.0052533	
168	0.0694927	0.1981833	0.0000000	0.3560185	0.1389371	0.1244107	0.0002773	0.1238839	-0.0023095	0.2897408	0.1051979	0.1112223	0.0006289	0.0955904	0.0165493	
169	0.3474635	0.4459125	0.0000000	0.4676325	0.6937197	0.7279211	0.0069319	0.7202371	-0.0018069	0.5198750	0.6304287	0.6183600	0.0157218	0.5846246	0.0195599	
170	0.1389854	0.4624277	0.0000000	0.6070879	0.2777776	0.3686743	0.0011091	0.3019279	0.0630783	0.5164729	0.2602435	0.2617393	0.0025155	0.2411489	0.0196212	
171	0.1389854	0.2642444	0.0000000	1.4083190	0.2777776	0.9957966	0.0011091	0.2866715	0.7054571	0.4284096	0.2148017	0.2057695	0.0025155	0.1940192	0.0107811	
172	0.2084781	0.5284889	0.0000000	0.4951631	0.4165216	0.4477935	0.0024955	0.4450079	-0.0022689	0.5303079	0.3924566	0.4070584	0.0056599	0.3584559	0.0444889	
173	0.1389854	0.1486375	0.0000000	0.3181415	0.2777776	0.2120388	0.0011091	0.2107444	-0.0023737	0.2731558	0.1380663	0.1236622	0.0025155	0.1207016	0.0019914	
174	0.1389854	0.5780347	0.0000000	0.5399537	0.2777776	0.3135742	0.0011091	0.2989571	0.0109491	0.5612382	0.2805958	0.2693939	0.0025155	0.2518387	0.0165861	
175	0.1389854	0.5119736	0.0000000	0.4896998	0.2777776	0.2954732	0.0011091	0.2935480	-0.0017428	0.5322003	0.2662561	0.2855579	0.0025155	0.2427093	0.0418794	
176	0.0694927	0.1981833	0.0000000	0.4459244	0.1389371	0.1614011	0.0002773	0.1159670	0.0425980	0.2823201	0.0730564	0.0646070	0.0006289	0.0634213	0.0021031	
177	0.3474635	0.2642444	0.0000000	0.6344458	0.6937197	0.7554322	0.0069319	0.6308649	0.1150764	0.2507590	0.4020844	0.3797613	0.0157218	0.3594506	0.0061352	
178	0.1389854	0.4293972	0.0000000	0.4586329	0.2777776	0.2872588	0.0011091	0.2860628	-0.0024720	0.5324271	0.2662115	0.3105753	0.0025155	0.2468422	0.0627640	
179	0.0694927	0.4954583	0.0000000	0.4910742	0.1389371	0.1495302	0.0002773	0.1490164	-0.0023224	0.5565320	0.1401959	0.1422434	0.0006289	0.1272317	0.0159292	
180	0.0694927	0.5119736	0.0000000	0.5601423	0.1389371	0.2010864	0.0002773	0.1517907	0.0464595	0.5492105	0.1371864	0.1336063	0.0006289	0.1237432	0.0107804	
181	0.1389854	0.4459125	0.0000000	0.4840017	0.2777776	0.2994590	0.0011091	0.2982520	-0.0024610	0.5335753	0.2662880	0.3144272	0.0025155	0.2467897	0.0666683	
182	0.0694927	0.5615194	0.0000000	0.5047635	0.1389371	0.1536547	0.0002773	0.1531313	-0.0023128	0.5691196	0.1473179	0.1489940	0.0006289	0.1335040	0.0164074	
183	0.0694927	0.4128819	0.0000000	0.4700430	0.1389371	0.1469394	0.0002773	0.1464098	-0.0023066	0.5260766	0.1327359	0.1547521	0.0006289	0.1241150	0.0315546	
184	0.0694927	0.5450041	0.0000000	0.4961162	0.1389371	0.1521903	0.0002773	0.1516838	-0.0023296	0.5697291	0.1493263	0.1441497	0.0006289	0.1357735	0.0092937	
185	0.2084781	0.5780347	0.0000000	0.5065317	0.4165216	0.4606782	0.0024955	0.4580076	-0.0023838	0.5785531	0.4437963	0.4251974	0.0056599	0.4000257	0.0210582	
186	0.2084781	0.5945500	0.0000000	0.5166985	0.4165216	0.4725924	0.0024955	0.4610022	0.0065358	0.5783334	0.4417624	0.4281158	0.0056599	0.3974974	0.0265048	
187	0.0694927	0.4624277	0.0000000	0.4990999	0.1389371	0.1527276	0.0002773	0.1500901	-0.0001987	0.5465172	0.1359686	0.1290764	0.0006289	0.1222965	0.0076973	
188	0.2779708	0.4293972	0.0000000	0.4854175	0.5551689	0.5970118	0.0044364	0.5887605	0.0012560	0.5319380	0.5156668	0.5598256	0.0100620	0.4788272	0.0724828	
189	0.0694927	0.4293972	0.0000000	0.4650977	0.1389371	0.1445479	0.0002773	0.1440481	-0.0023364	0.5385366	0.1340494	0.1193682	0.0006289	0.1183574	0.0019282	
190	0.0694927	0.2972750	0.0000000	0.4743874	0.1389371	0.1786616	0.0002773	0.1298809	0.0459446	0.3769466	0.0996699	0.0927196	0.0006289	0.0860443	0.0075928	
191	0.0694927	0.5119736	0.0000000	0.4855281	0.1389371	0.1504227	0.0002773	0.1498919	-0.0023054	0.5392453	0.1447228	0.2009940	0.0006289	0.1432331	0.0586784	
192	0.0694927	0.5450041	0.0000000	0.5097226	0.1389371	0.1556216	0.0002773	0.1535455	-0.0007600	0.5520172	0.1385955	0.1282903	0.0006289	0.1243070	0.0049007	
193	0.2084781	0.4293972	0.0000000	0.4799197	0.4165216	0.4443795	0.0024955	0.4418476	-0.0025225	0.5217461	0.3831221	0.4339133	0.0056599	0.3626799	0.0671198	
194	0.3474635	0.4459125	0.0000000	0.4678812	0.6937197	0.7247584	0.0069319	0.7170055	-0.0017380	0.5503941	0.6553398	0.6297289	0.0157218	0.5861317	0.0294217	
195	0.1389854	0.5284889	0.0000000	0.4919652	0.2777776	0.3001695	0.0011091	0.2979168	-0.0014153	0.5448091	0.2897900	0.4179752	0.0025155	0.2864612	0.1305449	
196	0.0694927	0.2642444	0.0000000	0.4468016	0.1389371	0.1449985	0.0002773	0.1365746	0.0055877	0.4339662	0.1092021	0.1021036	0.0006289	0.0956690	0.0073520	
197	0.1389854	0.1321222	0.0000000	0.4668037	0.2777776	0.3878670	0.0011091	0.2595914	0.1246076	0.3184456	0.2006214	0.1795828	0.0025155	0.1696355	0.0089781	
198	0.1389854	0.5450041	0.0000000	0.4864190	0.2777776	0.2987225	0.0011091	0.2975471	-0.0024926	0.5446674	0.2903383	0.4272216	0.0025155	0.2868216	0.1394309	
199	0.1389854	0.5945500	0.0000000	0.5006125	0.2777776	0.3210953	0.0011091	0.3010593	0.0163680	0.5434270	0.2906189	0.4309556	0.0025155	0.2872002	0.1427862	
200	0.0694927	0.5450041	0.0000000	0.5412315	0.1389371	0.1685150	0.0002773	0.1537920	0.0118869	0.5335398	0.1308104	0.1203704	0.0006289	0.1154705	0.0058174	
201	0.1389854	0.4459125	0.0000000	0.4702295	0.2777776	0.2906901	0.0011091	0.2894825	-0.0024604	0.5419528	0.2620798	0.2587620	0.0025155	0.2346231	0.0231697	
202	0.0694927	0.3137903	0.0000000	0.4821368	0.1389371	0.1719463	0.0002773	0.1349592	0.0341510	0.4214637	0.1082903	0.0972495	0.0006289	0.0934677	0.0046992	
203	0.2084781	0.6110652	0.0000000	0.5153655	0.4165216	0.4678874	0.0024955	0.4595894	0.0032436	0.5441783	0.4328423	0.5824847	0.0056599	0.4277896	0.1505816	
204	0.0694927	0.3303055	0.0000000	0.4764939	0.1389371	0.1546425	0.0002773	0.1339576	0.0178487	0.4283316	0.1089406	0.0972298	0.0006289	0.0943421	0.0038052	
205	0.2084781	0.2972750	0.0000000	0.4711343	0.4165216	0.4034898	0.0024955	0.3823265	0.0161090	0.3614885	0.2820368	0.2558731	0.0056599	0.2417678	0.0099917	
206	0.0694927	0.0495458	-100.0000000	1.0972500	1.1064260	0.6557771	0.0002773	0.0987356	0.5542053	0.1636951	0.0418331	0.0373296	0.0006289	0.0366674	0.0015796	
207	0.0694927	0.3963666	0.0000000	0.4589921	0.1389371	0.1441320	0.0002773	0.1435397	-0.0022440	0.5320514	0.1294077	0.1238980	0.0006289	0.1163550	0.0084604	
208	0.0694927	0.3633361	0.0000000	0.4200446	0.1389371	0.1323650	0.0002773	0.1318252	-0.0022964	0.4484675	0.1116632	0.1088050	0.0006289	0.1014329	0.0082896	
209	0.0694927	0.4128819	0.0000000	0.4691037	0.1389371	0.1451198	0.0002773	0.1445401	-0.0022566	0.5153814	0.1258626	0.1187295	0.0006289	0.1138867	0.0057602	
210	0.2779708	0.3633361	0.0000000	0.4200446	0.5551689	0.5288190	0.0044364	0.5239736	-0.0021499	0.4575041	0.4369166	0.4159805	0.0100620	0.3905454	0.0169194	
211	0.1389854	0.3468208	0.0000000	0.4236430	0.2777776	0.2632484	0.0011091	0.2542928	0.0052876	0.4156873	0.2147634	0.1957272	0.0025155	0.1829593	0.0117987	
212	0.0694927	0.3963666	0.0000000	0.4703400	0.1389371	0.1478839	0.0002773	0.1472375	-0.0021898	0.5235818	0.1268445	0.1248610	0.0006289	0.1151385	0.0106399	
213	0.2084781	0.4293972	0.0000000	0.4896445	0.4165216	0.4523079	0.0024955	0.4496737	-0.0024202	0.5218737	0.3706762	0.3536041	0.0056599	0.3360425	0.0134480	
214	0.0694927	0.5119736	0.0000000	0.5128790	0.1389371	0.1571033	0.0002773	0.1564196	-0.0021524	0.5273453	0.1282153	0.1164793	0.0006289	0.1147243	0.0026724	
215	0.0694927	0.4128819	0.0000000	0.4859977	0.1389371	0.1506567	0.0002773	0.1500220	-0.0022015	0.5190741	0.1257542	0.1260696	0.0006289	0.1151432	0.0118439	
216	0.1389854	0.3303055	0.0000000	0.4164185	0.2777776	0.2670523	0.0011091	0.2544776	0.0089066	0.3927448	0.2081961	0.1834642	0.0025155	0.1757048	0.0067902	
217	0.2779708	0.4789430	0.0000000	0.4711204	0.5551689	0.5909463	0.0044364	0.5857600	-0.0018090	0.5353188	0.5708895	0.7493918	0.0100620	0.5536919	0.1871843	
218	0.0694927	0.3963666	0.0000000	0.4703054	0.1389371	0.1449205	0.0002773	0.1416699	0.0004144	0.4458450	0.1092722	0.1164891	0.0006289	0.0998571	0.0175494	
219	0.1389854	0.3468208	0.0000000	0.4176963	0.2777776	0.2637856	0.0011091	0.2624489	-0.0023313	0.4545132	0.2218408	0.2121369	0.0025155	0.2026555	0.0085122	
220	0.0694927	0.3963666	0.0000000	0.5351466	0.1389371	0.1867286	0.0002773	0.1421043	0.0417882	0.4462349	0.1094890	0.1152903	0.0006289	0.0999853	0.0162225	
221	0.0694927	0.3468208	0.0000000	0.4176963	0.1389371	0.1320444	0.0002773	0.1315017	-0.0022935	0.4497857	0.1118162	0.1089131	0.0006289	0.1026608	0.0071697	
222	0.0694927	0.5284889	0.0000000	0.5693975	0.1389371	0.2248022	0.0002773	0.1579842	0.0639818	0.5202364	0.1267807	0.1225617	0.0006289	0.1132263	0.0102528	
223	0.1389854	0.4459125	0.0000000	0.4872479	0.2777776	0.3021711	0.0011091	0.3009242	-0.0024210	0.5161681	0.2472811	0.2370659	0.0025155	0.2231308	0.0129658	
224	0.0694927	0.1486375	0.0000000	0.3369833	0.1389371	0.1196450	0.0002773	0.1191902	-0.0023814	0.2254067	0.0644297	0.0569033	0.0006289	0.0560814	0.0017393	
225	0.0694927	0.1156069	0.0000000	0.3224583	0.1389371	0.1148446	0.0002773	0.1143863	-0.0023779	0.2035202	0.0548720	0.0508209	0.0006289	0.0482455	0.0034928	
226	0.0694927	0.1156069	0.0000000	0.3224583	0.1389371	0.1148446	0.0002773	0.1143863	-0.0023779	0.2017767	0.0540623	0.0501134	0.0006289	0.0481533	0.0028775	
227	0.0694927	0.0990917	0.0000000	0.3703639	0.1389371	0.1332315	0.0002773	0.1327267	-0.0023313	0.3500775	0.1061097	0.0978489	0.0006289	0.0930384	0.0057279	
228	0.0694927	0.3963666	0.0000000	0.4297625	0.1389371	0.1444613	0.0002773	0.1334889	0.0081362	0.4409192	0.1116377	0.1122638	0.0006289	0.1003421	0.0128392	
229	0.2084781	0.3963666	0.0000000	0.4651875	0.4165216	0.4496564	0.0024955	0.4469854	-0.0023834	0.5127165	0.4236800	0.4578498	0.0056599	0.4142301	0.0395061	
230	0.0694927	0.5119736	0.0000000	0.5225555	0.1389371	0.1638706	0.0002773	0.1546589	0.0063756	0.5070039	0.1263344	0.1243500	0.0006289	0.1138505	0.0114170	
231	0.0694927	0.2312139	0.0000000	0.3931426	0.1389371	0.1355884	0.0002773	0.1262711	0.0064811	0.2781739	0.0877085	0.0857922	0.0006289	0.0769901	0.0097195	
232	0.0694927	0.4789430	0.0000000	0.5041695	0.1389371	0.1548331	0.0002773	0.1541967	-0.0021998	0.5040838	0.1255693	0.1198595	0.0006289	0.1138386	0.0069383	
233	0.0694927	0.0825764	0.0000000	0.2804718	0.1389371	0.1034849	0.0002773	0.1030684	-0.0024196	0.1757369	0.0460157	0.0418496	0.0006289	0.0412221	0.0015450	
234	0.0694927	0.2972750	0.0000000	0.3796328	0.1389371	0.1238215	0.0002773	0.1234859	-0.0025007	0.3384538	0.0965520	0.0852714	0.0006289	0.0812971	0.0048917	
235	0.1389854	0.1321222	0.0000000	0.3792253	0.2777776	0.2683174	0.0011091	0.2668397	-0.0021904	0.3527495	0.2124425	0.1937718	0.0025155	0.1862168	0.0065858	
236	0.0694927	0.0990917	0.0000000	0.2980841	0.1389371	0.1096717	0.0002773	0.1093221	-0.0024867	0.1761480	0.0461305	0.0421247	0.0006289	0.0412911	0.0017511	
237	0.0694927	0.2312139	0.0000000	0.3988890	0.1389371	0.1407700	0.0002773	0.1219689	0.0159649	0.2316722	0.0656156	0.0581610	0.0006289	0.0566783	0.0024001	
238	0.0694927	0.3798514	0.0000000	0.4113213	0.1389371	0.1311346	0.0002773	0.1306270	-0.0023286	0.4305925	0.1119501	0.1113500	0.0006289	0.0993984	0.0128690	
239	0.0694927	0.4789430	0.0000000	0.4321108	0.1389371	0.1384998	0.0002773	0.1339821	0.0016815	0.4139154	0.1121223	0.1031452	0.0006289	0.0968547	0.0072079	
240	0.2084781	0.4459125	0.0000000	0.4871512	0.4165216	0.4605915	0.0024955	0.4578188	-0.0022816	0.5294290	0.4384851	0.5636971	0.0056599	0.4273339	0.1322497	
241	0.1389854	0.4789430	0.0000000	0.5241509	0.2777776	0.3205754	0.0011091	0.3124109	0.0044965	0.5279761	0.2957006	0.4108316	0.0025155	0.2875237	0.1223387	
242	0.0694927	0.5119736	0.0000000	0.4650701	0.1389371	0.1482825	0.0002773	0.1340444	0.0114019	0.3895129	0.1129894	0.1014354	0.0006289	0.0971177	0.0052352	
243	0.0694927	0.4128819	0.0000000	0.4943895	0.1389371	0.1567481	0.0002773	0.1561130	-0.0022011	0.5212216	0.1483572	0.2164408	0.0006289	0.1455524	0.0718057	
244	0.0694927	0.1651528	0.0000000	0.3863117	0.1389371	0.1363249	0.0002773	0.1358229	-0.0023342	0.3459950	0.1090745	0.1020741	0.0006289	0.0966991	0.0062924	
245	0.0694927	0.3468208	0.0000000	0.4669418	0.1389371	0.1519737	0.0002773	0.1513373	-0.0021998	0.5120715	0.1467504	0.1412215	0.0006289	0.1392689	0.0028701	
246	0.1389854	0.3963666	0.0000000	0.5417771	0.2777776	0.3367874	0.0011091	0.3123805	0.0207389	0.5076276	0.2841600	0.2932518	0.0025155	0.2710426	0.0212401	
247	0.1389854	0.3137903	0.0000000	0.3853517	0.2777776	0.2622346	0.0011091	0.2490053	0.0095613	0.3475827	0.2105425	0.1830122	0.0025155	0.1750488	0.0069942	
248	0.2084781	0.2146986	0.0000000	0.3391451	0.4165216	0.3445512	0.0024955	0.3419843	-0.0024876	0.2790315	0.2359955	0.2125005	0.0056599	0.2046386	0.0037483	
249	0.0694927	0.3798514	0.0000000	0.4857836	0.1389371	0.1552144	0.0002773	0.1545788	-0.0022006	0.5190599	0.1487079	0.2301581	0.0006289	0.1463882	0.0846873	
250	0.0694927	0.3137903	0.0000000	0.6944038	0.1389371	0.3535107	0.0002773	0.1475964	0.2030781	0.4193020	0.1039737	0.0981240	0.0006289	0.0936229	0.0054185	
251	0.6254343	0.4128819	0.0000000	0.5523929	1.2469570	1.4729810	0.0224594	1.4056050	0.0423576	0.5271256	1.2347600	1.2688910	0.0509388	1.1617950	0.0577037	
252	0.1389854	0.3798514	0.0000000	0.4857836	0.2777776	0.3100389	0.0011091	0.3086030	-0.0022321	0.5204561	0.2965613	0.3987061	0.0025155	0.2904898	0.1072472	
253	0.2084781	0.2807597	0.0000000	0.3695351	0.4165216	0.3690555	0.0024955	0.3665100	-0.0025089	0.3430466	0.3097533	0.2690303	0.0056599	0.2577101	0.0072067	
254	0.0694927	0.3137903	0.0000000	0.4520300	0.1389371	0.1485338	0.0002773	0.1479230	-0.0022254	0.4847914	0.1409036	0.1360431	0.0006289	0.1322821	0.0046784	
255	0.1389854	0.2807597	0.0000000	0.3544230	0.2777776	0.2440383	0.0011091	0.2413554	-0.0009851	0.2996209	0.1931104	0.1828746	0.0025155	0.1705167	0.0113887	
256	0.1389854	0.3633361	0.0000000	0.4840155	0.2777776	0.3096663	0.0011091	0.3082332	-0.0022350	0.5141411	0.2949418	0.3578588	0.0025155	0.2907732	0.0661164	
257	0.1389854	0.3963666	0.0000000	0.4114940	0.2777776	0.2653106	0.0011091	0.2640013	-0.0023587	0.4108536	0.2284272	0.2380779	0.0025155	0.2054098	0.0316990	
258	0.0694927	0.1981833	0.0000000	0.3344278	0.1389371	0.1144027	0.0002773	0.1139948	-0.0024283	0.2776139	0.0832070	0.0753764	0.0006289	0.0720818	0.0042121	
259	0.5559416	0.3303055	0.0000000	0.4637992	1.1087930	1.2102270	0.0177457	1.1918440	-0.0019216	0.5143183	1.1152230	1.1687330	0.0402479	1.0751500	0.0548816	
260	0.0694927	0.3798514	0.0000000	0.4097327	0.1389371	0.1327030	0.0002773	0.1321855	-0.0023187	0.4044535	0.1145834	0.1098073	0.0006289	0.1039057	0.0068190	
261	0.1389854	0.3798514	0.0000000	0.4097327	0.2777776	0.2651287	0.0011091	0.2638165	-0.0023558	0.4026036	0.2299638	0.2290674	0.0025155	0.2044316	0.0236666	
262	0.0694927	0.2972750	0.0000000	0.4172611	0.1389371	0.1357790	0.0002773	0.1352133	-0.0022705	0.3956578	0.1035401	0.1016811	0.0006289	0.0943847	0.0082138	
263	0.0694927	0.2477291	0.0000000	0.3602592	0.1389371	0.1215253	0.0002773	0.1212024	-0.0025133	0.3110461	0.0983883	0.0851633	0.0006289	0.0840401	0.0020407	
264	0.0694927	0.2312139	0.0000000	0.3579040	0.1389371	0.1201909	0.0002773	0.1198622	-0.0025075	0.2941493	0.0918912	0.0850749	0.0006289	0.0791105	0.0068818	
265	0.2084781	0.1486375	0.0000000	0.3716969	0.4165216	0.3956308	0.0024955	0.3930008	-0.0024245	0.3426143	0.3322543	0.3051120	0.0056599	0.2910795	0.0099190	
266	0.0694927	0.2972750	0.0000000	0.4565885	0.1389371	0.1483691	0.0002773	0.1469563	-0.0014234	0.4542155	0.1224195	0.1184248	0.0006289	0.1119482	0.0073941	
267	0.1389854	0.3137903	0.0000000	0.4235394	0.2777776	0.2730744	0.0011091	0.2716572	-0.0022508	0.3984716	0.2128315	0.2075284	0.0025155	0.1911998	0.0153595	
268	0.0694927	0.3303055	0.0000000	0.3920927	0.1389371	0.1288904	0.0002773	0.1283683	-0.0023141	0.3959555	0.1125877	0.1054052	0.0006289	0.1019476	0.0043750	
269	0.2084781	0.0660611	-100.0000000	0.8336935	0.9697588	0.5640332	0.0024955	0.2582195	0.3007592	0.1497325	0.1082903	0.0968171	0.0056599	0.0905260	0.0021776	
270	0.0694927	0.3137903	0.0000000	0.4235394	0.1389371	0.1366715	0.0002773	0.1361059	-0.0022706	0.3906965	0.1047261	0.1018285	0.0006289	0.0957396	0.0070063	
271	0.1389854	0.2477291	0.0000000	2.1223450	0.2777776	1.7609330	0.0011091	0.3031133	1.4541520	0.4282324	0.2182383	0.2081475	0.0025155	0.1977685	0.0094098	
272	0.2779708	0.2312139	0.0000000	0.3526479	0.5551689	0.4815519	0.0044364	0.4766127	-0.0020561	0.3118399	0.3919083	0.3516880	0.0100620	0.3270003	0.0161720	
273	0.0694927	0.0495458	0.0000000	0.2082956	0.1389371	0.0777848	0.0002773	0.0772790	-0.0023304	0.1473936	0.0386132	0.0347060	0.0006289	0.0327973	0.0028261	
274	0.1389854	0.0495458	0.0000000	0.2082956	0.2777776	0.1555610	0.0011091	0.1540034	-0.0021105	0.1553742	0.0797130	0.0711414	0.0025155	0.0648823	0.0052899	
275	0.0694927	0.0495458	0.0000000	0.2082956	0.1389371	0.0777848	0.0002773	0.0772790	-0.0023304	0.1484922	0.0389766	0.0349909	0.0006289	0.0328083	0.0031001	
276	1.0423910	0.3303055	0.0000000	0.3697147	2.0739150	1.9262160	0.0623873	1.8629780	-0.0017078	0.3321884	1.3452500	1.3586040	0.1414967	1.1878950	0.0307582	
277	0.9728978	0.3303055	0.0000000	0.3895579	1.9363300	1.7965200	0.0543463	1.7410020	-0.0013869	0.3808376	1.5215150	1.5618090	0.1232593	1.2871300	0.1529660	
278	0.6949270	0.3303055	0.0000000	0.3606322	1.3850250	1.2006520	0.0277277	1.1723710	-0.0020054	0.3318907	1.0989070	1.0593380	0.0628874	0.9406523	0.0573449	
279	0.0694927	0.3137903	0.0000000	0.4594548	0.1389371	0.1545905	0.0002773	0.1539710	-0.0022167	0.4277292	0.1337497	0.1499668	0.0006289	0.1245213	0.0263629	
280	0.0694927	0.3303055	0.0000000	0.3704468	0.1389371	0.1286825	0.0002773	0.1280342	-0.0021879	0.3200474	0.1090745	0.1029290	0.0006289	0.0959532	0.0078933	
281	0.1389854	0.3137903	0.0000000	0.4594548	0.2777776	0.3088344	0.0011091	0.3073875	-0.0022211	0.4326054	0.2685260	0.2839170	0.0025155	0.2468763	0.0360715	
282	0.1389854	0.3137903	0.0000000	0.3587605	0.2777776	0.2401478	0.0011091	0.2387258	-0.0022460	0.3117123	0.2367989	0.2559321	0.0025155	0.2071105	0.0478524	
283	0.0694927	0.2972750	0.0000000	0.3707990	0.1389371	0.1334568	0.0002773	0.1227688	0.0078518	0.2698672	0.0802039	0.0753863	0.0006289	0.0738643	0.0024394	
284	0.0694927	0.3303055	0.0000000	0.5105791	0.1389371	0.1915637	0.0002773	0.1544609	0.0342666	0.4405435	0.1363384	0.1475594	0.0006289	0.1261460	0.0223309	
285	0.2779708	0.2642444	0.0000000	0.3774779	0.5551689	0.5063682	0.0044364	0.5014589	-0.0020860	0.3455485	0.4478834	0.4226525	0.0100620	0.4020278	0.0121090	
286	0.2084781	0.2477291	0.0000000	0.3459276	0.4165216	0.3543772	0.0024955	0.3518585	-0.0025358	0.3008400	0.3338483	0.3002972	0.0056599	0.2906629	0.0055207	
287	0.0694927	0.2642444	0.0000000	0.3428126	0.1389371	0.1230243	0.0002773	0.1225840	-0.0023959	0.2634387	0.0779022	0.0743938	0.0006289	0.0734523	0.0018589	
288	0.0694927	0.3303055	0.0000000	0.3596583	0.1389371	0.1251992	0.0002773	0.1246464	-0.0022834	0.3038522	0.0959591	0.0874037	0.0006289	0.0847079	0.0036132	
289	0.4169562	0.1981833	0.0000000	0.4617272	0.8321739	0.8984377	0.0099820	0.8749501	0.0109468	0.3820567	0.7435393	0.7262807	0.0226395	0.6739415	0.0312460	
290	1.1118830	0.3468208	0.0000000	0.4344315	2.2114040	1.9433300	0.0709829	1.8513930	0.0183946	0.3117407	1.5376090	1.5258840	0.1609917	1.3577190	0.0087199	
291	0.0694927	0.1981833	0.0000000	0.4282015	0.1389371	0.1491750	0.0002773	0.1473500	-0.0010113	0.3748557	0.1305936	0.1418406	0.0006289	0.1185744	0.0241836	
292	0.0694927	0.3137903	0.0000000	0.3555281	0.1389371	0.1248439	0.0002773	0.1244153	-0.0024076	0.2967646	0.0911771	0.0869222	0.0006289	0.0848422	0.0029974	
293	0.3474635	0.2642444	0.0000000	0.5555700	0.6937197	0.8109222	0.0069319	0.7598472	0.0415841	0.4453064	0.6287646	0.6540683	0.0157218	0.5835433	0.0563494	
294	0.1389854	0.3137903	0.0000000	0.3555281	0.2777776	0.2497311	0.0011091	0.2482760	-0.0022129	0.2883446	0.1722800	0.1662979	0.0025155	0.1625033	0.0028254	
295	0.2084781	0.2312139	0.0000000	0.4786420	0.4165216	0.4623332	0.0024955	0.4549537	0.0023251	0.4374321	0.3823889	0.4089941	0.0056599	0.3564065	0.0484740	
296	0.3474635	0.2972750	0.0000000	0.3390968	0.6937197	0.6026266	0.0069319	0.5948921	-0.0017563	0.3239951	0.4838441	0.4677349	0.0157218	0.4424826	0.0110768	
297	0.1389854	0.2972750	0.0000000	0.3390968	0.2777776	0.2410836	0.0011091	0.2396205	-0.0022049	0.3233360	0.2054608	0.1944302	0.0025155	0.1849646	0.0084964	
298	0.0694927	0.2972750	0.0000000	0.3390968	0.1389371	0.1205201	0.0002773	0.1200875	-0.0024036	0.3004643	0.0946647	0.0905480	0.0006289	0.0899484	0.0015171	
299	0.0694927	0.2972750	0.0000000	0.3390968	0.1389371	0.1205201	0.0002773	0.1200875	-0.0024036	0.3335917	0.1124602	0.1095518	0.0006289	0.1029451	0.0075241	
300	0.0694927	0.2807597	0.0000000	0.3367554	0.1389371	0.1202342	0.0002773	0.1198102	-0.0024123	0.3061628	0.0981907	0.0949796	0.0006289	0.0930908	0.0028063	
301	0.0694927	0.2972750	0.0000000	0.4464700	0.1389371	0.1571727	0.0002773	0.1566104	-0.0022740	0.4050772	0.1521382	0.1490137	0.0006289	0.1438346	0.0060965	
302	0.0694927	0.2807597	0.0000000	0.4430305	0.1389371	0.1471474	0.0002773	0.1466110	-0.0022998	0.3976352	0.1061734	0.1070560	0.0006289	0.1000284	0.0079451	
303	0.2084781	0.3137903	0.0000000	0.7279985	0.4165216	0.7418283	0.0024955	0.4462579	0.2905160	0.4100173	0.3195150	0.3200969	0.0056599	0.2955028	0.0204805	
304	0.0694927	0.2972750	0.0000000	0.3614679	0.1389371	0.1310393	0.0002773	0.1305843	-0.0023811	0.3287013	0.1122562	0.1235639	0.0006289	0.1043775	0.0201038	
305	0.0694927	0.3963666	0.0000000	0.4687929	0.1389371	0.1625449	0.0002773	0.1620195	-0.0023108	0.4333567	0.1632771	0.1553417	0.0006289	0.1497500	0.0065092	
306	0.2084781	0.2972750	0.0000000	0.3614679	0.4165216	0.3927367	0.0024955	0.3900891	-0.0024068	0.3283257	0.3256615	0.3436600	0.0056599	0.3050368	0.0345097	
307	0.0694927	0.0495458	-100.0000000	0.5121814	0.2777294	0.1902639	0.0002773	0.1020043	0.0854234	0.1426662	0.0472272	0.0391769	0.0006289	0.0382987	0.0017957	
308	0.3474635	0.2972750	0.0000000	0.3614679	0.6937197	0.6552746	0.0069319	0.6473758	-0.0015920	0.3240731	0.5186699	0.5187326	0.0157218	0.4938945	0.0106626	
309	0.0694927	0.3303055	0.0000000	0.4371251	0.1389371	0.1455530	0.0002773	0.1450130	-0.0022962	0.4285088	0.1150871	0.1119592	0.0006289	0.1060922	0.0067845	
310	0.0694927	0.4128819	0.0000000	0.4705610	0.1389371	0.1627269	0.0002773	0.1622043	-0.0023137	0.4331228	0.1713236	0.1864120	0.0006289	0.1601110	0.0272185	
311	0.0694927	0.3468208	0.0000000	0.5133211	0.1389371	0.1761921	0.0002773	0.1510594	0.0222966	0.4258651	0.1282026	0.1267672	0.0006289	0.1197162	0.0079685	
312	0.0694927	0.3303055	0.0000000	0.4248586	0.1389371	0.1426243	0.0002773	0.1421177	-0.0023296	0.4290758	0.1152146	0.1131777	0.0006289	0.1060389	0.0080563	
313	0.0694927	0.4128819	0.0000000	0.4705610	0.1389371	0.1627269	0.0002773	0.1622043	-0.0023137	0.4378502	0.1713618	0.1572382	0.0006289	0.1553790	0.0027766	
314	0.2084781	0.3303055	0.0000000	0.4228280	0.4165216	0.4315641	0.0024955	0.4058699	0.0206398	0.3389004	0.3618709	0.3838588	0.0056599	0.3372197	0.0425256	
315	0.0694927	0.3468208	0.0000000	0.4272208	0.1389371	0.1430402	0.0002773	0.1425336	-0.0023296	0.4259714	0.1146280	0.1118511	0.0006289	0.1056793	0.0070892	
316	0.2084781	0.3468208	0.0000000	0.4500754	0.4165216	0.4418580	0.0024955	0.4364630	0.0003406	0.4442007	0.3607678	0.3622806	0.0056599	0.3344250	0.0237420	
317	0.1389854	0.3137903	0.0000000	0.4155621	0.2777776	0.2818519	0.0011091	0.2804438	-0.0022598	0.3981810	0.2150631	0.2188089	0.0025155	0.2020228	0.0158168	
318	0.1389854	0.0825764	0.0000000	0.2853203	0.2777776	0.2075504	0.0011091	0.2060419	-0.0021595	0.1721718	0.1222601	0.1048254	0.0025155	0.1011137	0.0027426	
319	0.0694927	0.2642444	0.0000000	0.3757857	0.1389371	0.1342973	0.0002773	0.1338111	-0.0023500	0.3137890	0.1100373	0.1035579	0.0006289	0.1013568	0.0031185	
320	0.0694927	0.3633361	0.0000000	0.4847407	0.1389371	0.1716864	0.0002773	0.1524385	0.0164117	0.4293168	0.1283875	0.1291648	0.0006289	0.1196851	0.0103971	
321	0.0694927	0.2312139	0.0000000	0.3520056	0.1389371	0.1290897	0.0002773	0.1286433	-0.0023898	0.3053973	0.1075379	0.1003054	0.0006289	0.0993142	0.0019086	
322	0.6949270	0.4459125	0.0000000	0.5021735	1.3850250	1.5859540	0.0277277	1.5315330	0.0241350	0.4458663	1.8099150	1.8655740	0.0628874	1.6818550	0.1223779	
323	0.1389854	0.2477291	0.0000000	0.4275247	0.2777776	0.3009494	0.0011091	0.2990719	-0.0017905	0.4491053	0.3309918	0.3421173	0.0025155	0.3047959	0.0363522	
324	0.0694927	0.0165153	0.0000000	0.2340994	0.1389371	0.0885900	0.0002773	0.0881580	-0.0024042	0.0921600	0.0281310	0.0226198	0.0006289	0.0219785	0.0015588	
325	0.1389854	0.2477291	0.0000000	0.4270412	0.2777776	0.3015906	0.0011091	0.3000885	-0.0021660	0.4509198	0.3343074	0.3624574	0.0025155	0.3047876	0.0567006	
326	0.0694927	0.3137903	0.0000000	0.4225932	0.1389371	0.1509166	0.0002773	0.1502305	-0.0021501	0.4014625	0.1786114	0.1774113	0.0006289	0.1739016	0.0044272	
327	0.5559416	0.2642444	0.0000000	0.4428578	1.1087930	1.2482740	0.0177457	1.2297460	-0.0017759	0.4675685	1.3046930	1.2939480	0.0402479	1.1612360	0.0940104	
328	0.0694927	0.4128819	0.0000000	0.4358128	0.1389371	0.1579178	0.0002773	0.1574106	-0.0023289	0.4504803	0.1917970	0.1785904	0.0006289	0.1660510	0.0134568	
329	0.0694927	0.2642444	0.0000000	0.4394389	0.1389371	0.1547032	0.0002773	0.1542688	-0.0024018	0.4424714	0.1639210	0.1632714	0.0006289	0.1511618	0.0130270	
330	0.0694927	0.3633361	0.0000000	0.4362411	0.1389371	0.1467661	0.0002773	0.1462650	-0.0023351	0.4517561	0.1281006	0.1335276	0.0006289	0.1183645	0.0160806	
331	0.0694927	0.3798514	0.0000000	0.4380092	0.1389371	0.1471387	0.0002773	0.1466347	-0.0023322	0.4370919	0.1220178	0.1155949	0.0006289	0.1104744	0.0060380	
332	0.2779708	0.3963666	0.0000000	0.4507523	0.5551689	0.6280668	0.0044364	0.6183753	0.0026961	0.4167080	0.7553030	0.8514561	0.0100620	0.7354775	0.1074629	
333	0.3474635	0.4459125	0.0000000	0.4517261	0.6937197	0.8075342	0.0069319	0.7968280	0.0012154	0.4649603	0.9552932	0.8649180	0.0157218	0.8100256	0.0407168	
334	0.1389854	0.3963666	0.0000000	0.4449713	0.2777776	0.2970069	0.0011091	0.2955800	-0.0022412	0.4589713	0.2580502	0.2642843	0.0025155	0.2349163	0.0283988	
335	0.0694927	0.3963666	0.0000000	0.4449713	0.1389371	0.1485598	0.0002773	0.1480673	-0.0023437	0.4583830	0.1318560	0.1424596	0.0006289	0.1215941	0.0217830	
336	0.1389854	0.4459125	0.0000000	0.4370008	0.2777776	0.3128550	0.0011091	0.3114059	-0.0022189	0.4341505	0.4302027	0.5272617	0.0025155	0.4130387	0.1132539	
337	0.0694927	0.3963666	0.0000000	0.4230214	0.1389371	0.1539666	0.0002773	0.1534174	-0.0022869	0.4428328	0.2258640	0.3164907	0.0006289	0.2148040	0.1026041	
338	0.1389854	0.2972750	0.0000000	0.4979465	0.2777776	0.3338933	0.0011091	0.3127601	0.0174652	0.4469507	0.3460839	0.3097303	0.0025155	0.3054277	0.0033334	
339	0.0694927	0.3963666	0.0000000	0.4449713	0.1389371	0.1485598	0.0002773	0.1480673	-0.0023437	0.4580782	0.1320728	0.1445329	0.0006289	0.1215369	0.0239135	
340	0.0694927	0.4789430	0.0000000	0.4405371	0.1389371	0.1567048	0.0002773	0.1561651	-0.0022965	0.4270417	0.2115244	0.2083047	0.0006289	0.2075090	0.0017132	
341	0.0694927	0.3963666	0.0000000	0.4449713	0.1389371	0.1485598	0.0002773	0.1480673	-0.0023437	0.4568308	0.1321557	0.1444150	0.0006289	0.1214906	0.0238419	
342	0.0694927	0.4128819	0.0000000	0.4545579	0.1389371	0.1523810	0.0002773	0.1493293	0.0002155	0.4369714	0.1270294	0.1190341	0.0006289	0.1154317	0.0045198	
343	0.0694927	0.3963666	0.0000000	0.4449713	0.1389371	0.1485598	0.0002773	0.1480673	-0.0023437	0.4542864	0.1321876	0.1426954	0.0006289	0.1214463	0.0221666	
344	0.0694927	0.3798514	0.0000000	0.5453756	0.1389371	0.2797724	0.0002773	0.1489988	0.1279374	0.3600639	0.1610773	0.1484044	0.0006289	0.1464748	0.0028471	
345	0.1389854	0.4128819	0.0000000	0.4473334	0.2777776	0.2981593	0.0011091	0.2952182	-0.0007269	0.3892081	0.2357150	0.2425587	0.0025155	0.2235056	0.0180839	
346	0.1389854	0.3963666	0.0000000	0.4860875	0.2777776	0.3400281	0.0011091	0.2973480	0.0390121	0.4501897	0.2773568	0.2657779	0.0025155	0.2468060	0.0180027	
347	0.1389854	0.4954583	0.0000000	0.4336303	0.2777776	0.3089818	0.0011091	0.3075742	-0.0022604	0.4388071	0.4609988	0.4533789	0.0025155	0.4433744	0.0090353	
348	0.2084781	0.4459125	0.0000000	0.4453166	0.4165216	0.4835622	0.0024955	0.4807309	-0.0022231	0.4581562	0.5958197	0.5496359	0.0056599	0.5092090	0.0363133	
349	0.2084781	0.3963666	0.0000000	0.4659818	0.4165216	0.4671769	0.0024955	0.4439245	0.0181979	0.4543572	0.4139183	0.3910221	0.0056599	0.3665720	0.0203365	
350	0.0694927	0.4459125	0.0000000	0.4453166	0.1389371	0.1613058	0.0002773	0.1607982	-0.0023286	0.4496794	0.1972931	0.1804082	0.0006289	0.1722047	0.0091210	
351	0.2084781	0.3798514	0.0000000	0.6659063	0.4165216	0.6969961	0.0024955	0.4434921	0.2484496	0.3792004	0.3542579	0.3923388	0.0056599	0.3399178	0.0483074	
352	3.4051420	0.5945500	0.0000000	0.4769429	6.6943350	7.8709200	0.6657418	7.1997830	0.0028358	0.4999659	8.7856550	10.2228000	1.5099270	8.0122920	0.7021272	
353	0.2779708	0.3468208	0.0000000	0.4136558	0.5551689	0.5700986	0.0044364	0.5650104	-0.0019072	0.3814614	0.4777869	0.5307992	0.0100620	0.4473346	0.0749489	
354	0.0694927	0.3963666	0.0000000	0.3973902	0.1389371	0.1470261	0.0002773	0.1464652	-0.0022753	0.3886198	0.1877928	0.1759963	0.0006289	0.1670563	0.0098574	
355	0.0694927	0.2477291	0.0000000	0.4890229	0.1389371	0.2222201	0.0002773	0.1509602	0.0684237	0.4262408	0.1656936	0.1563735	0.0006289	0.1436740	0.0136169	
356	0.2084781	0.3963666	0.0000000	0.3973902	0.4165216	0.4402983	0.0024955	0.4377319	-0.0024880	0.3850193	0.5430582	0.4934991	0.0056599	0.4836614	0.0057241	
357	0.2779708	0.5780347	0.0000000	0.4327117	0.5551689	0.6186480	0.0044364	0.6133507	-0.0016981	0.4629474	0.9773351	1.1484620	0.0100620	0.8752852	0.2646607	
358	0.1389854	0.5780347	0.0000000	0.4438731	0.2777776	0.3148739	0.0011091	0.3121399	-0.0009340	0.4617213	0.4901436	0.4653570	0.0025155	0.4434558	0.0209319	
359	0.0694927	0.2972750	0.0000000	0.4722808	0.1389371	0.1635067	0.0002773	0.1543823	0.0062882	0.4258580	0.1585014	0.1506055	0.0006289	0.1414300	0.0100930	
360	0.1389854	0.3798514	0.0000000	0.4300526	0.2777776	0.2978907	0.0011091	0.2965143	-0.0022916	0.4234057	0.2817690	0.2617590	0.0025155	0.2512304	0.0095594	
361	0.3474635	0.3963666	0.0000000	0.4408410	0.6937197	0.7511257	0.0069319	0.7396683	0.0019666	0.4185153	0.6773945	0.6458634	0.0157218	0.6159297	0.0157582	
362	0.3474635	0.2477291	0.0000000	0.4756651	0.6937197	0.8275848	0.0069319	0.7679835	0.0501105	0.4354546	0.7959693	0.7422482	0.0157218	0.6986033	0.0294694	
363	0.2084781	0.5450041	0.0000000	0.4325943	0.4165216	0.4629571	0.0024955	0.4603464	-0.0024438	0.4609204	0.7160332	0.6687682	0.0056599	0.6477742	0.0168805	
364	0.0694927	0.5780347	0.0000000	0.4334576	0.1389371	0.1552404	0.0002773	0.1546871	-0.0022829	0.4501756	0.2430538	0.2449857	0.0006289	0.2235722	0.0223310	
365	0.0694927	0.5780347	0.0000000	0.4323180	0.1389371	0.1545212	0.0002773	0.1539785	-0.0022935	0.4445551	0.2343186	0.2241052	0.0006289	0.2156842	0.0093384	
366	3.3356500	0.5945500	0.0000000	0.4361444	6.5600340	7.4101640	0.6388459	6.7698700	-0.0011115	0.5072165	8.9469040	10.3133300	1.4489260	8.0887090	0.7772382	
367	0.1389854	0.3798514	0.0000000	0.3889294	0.2777776	0.2876141	0.0011091	0.2861539	-0.0022078	0.3139308	0.2755460	0.2457915	0.0025155	0.2428276	0.0019948	
368	0.2779708	0.3137903	0.0000000	0.4211911	0.5551689	0.6005730	0.0044364	0.5956642	-0.0020866	0.4061191	0.5573723	0.5713222	0.0100620	0.5260471	0.0367595	
369	0.0694927	0.3303055	0.0000000	0.4241472	0.1389371	0.1505180	0.0002773	0.1500714	-0.0023896	0.4124270	0.1475538	0.1777060	0.0006289	0.1376093	0.0410142	
370	0.2084781	0.3468208	0.0000000	0.4341483	0.4165216	0.4549854	0.0024955	0.4513034	-0.0013725	0.4280481	0.4545272	0.4768339	0.0056599	0.4143344	0.0583859	
371	0.0694927	0.4293972	0.0000000	0.4681160	0.1389371	0.1703866	0.0002773	0.1586429	0.0089075	0.4238593	0.2083619	0.2090318	0.0006289	0.2006792	0.0092701	
372	0.0694927	0.3303055	0.0000000	0.4267166	0.1389371	0.1512199	0.0002773	0.1507949	-0.0024112	0.4159496	0.1506717	0.1382245	0.0006289	0.1374691	0.0016729	
373	0.0694927	0.4459125	0.0000000	0.4098294	0.1389371	0.1506220	0.0002773	0.1500696	-0.0022838	0.3606167	0.1598978	0.1429116	0.0006289	0.1417729	0.0020561	
374	0.0694927	0.4624277	0.0000000	0.4139735	0.1389371	0.1510812	0.0002773	0.1505317	-0.0022866	0.3708725	0.1651771	0.1476085	0.0006289	0.1449662	0.0035598	
375	0.0694927	0.4789430	0.0000000	0.4147747	0.1389371	0.1518351	0.0002773	0.1512890	-0.0022901	0.4040849	0.1848981	0.1664256	0.0006289	0.1620891	0.0052540	
376	0.0694927	0.4459125	0.0000000	0.4058649	0.1389371	0.1501281	0.0002773	0.1495866	-0.0022947	0.4235475	0.2026936	0.1835330	0.0006289	0.1820475	0.0024029	
377	0.5559416	0.4293972	0.0000000	0.4379125	1.1087930	1.2749190	0.0177457	1.2499190	0.0046954	0.4416138	1.6831280	2.0567620	0.0402479	1.6066660	0.4113946	
378	0.0694927	0.2312139	0.0000000	0.4187461	0.1389371	0.1571640	0.0002773	0.1566720	-0.0023442	0.4238026	0.1750472	0.1763009	0.0006289	0.1611916	0.0160267	
379	0.0694927	0.2477291	0.0000000	0.4513048	0.1389371	0.2296719	0.0002773	0.1575963	0.0692394	0.4215417	0.1761120	0.1664649	0.0006289	0.1609283	0.0064541	
380	0.0694927	0.2146986	0.0000000	0.4028328	0.1389371	0.1509426	0.0002773	0.1504240	-0.0023176	0.4236254	0.1755955	0.1770477	0.0006289	0.1611407	0.0168244	
381	0.0694927	0.4459125	0.0000000	0.4058649	0.1389371	0.1501281	0.0002773	0.1495866	-0.0022947	0.3809298	0.1664396	0.1526199	0.0006289	0.1482275	0.0053098	
382	0.0694927	0.4459125	0.0000000	0.4058649	0.1389371	0.1501281	0.0002773	0.1495866	-0.0022947	0.3816315	0.1664906	0.1512737	0.0006289	0.1482776	0.0039136	
383	0.0694927	0.4459125	0.0000000	0.4058649	0.1389371	0.1501281	0.0002773	0.1495866	-0.0022947	0.4004561	0.1793064	0.1644604	0.0006289	0.1618460	0.0035318	
384	0.0694927	0.4128819	0.0000000	0.4053538	0.1389371	0.1504660	0.0002773	0.1499193	-0.0022895	0.4116758	0.2016926	0.2023009	0.0006289	0.1978860	0.0053323	
385	0.2084781	0.5284889	0.0000000	0.6619971	0.4165216	0.7092656	0.0024955	0.4617211	0.2424901	0.4444204	0.4956334	0.5600811	0.0056599	0.4459990	0.1099686	
386	0.0694927	0.5119736	0.0000000	0.4248172	0.1389371	0.1499201	0.0002773	0.1494818	-0.0023979	0.4416492	0.1693725	0.1616108	0.0006289	0.1536202	0.0089081	
387	0.2779708	0.5119736	0.0000000	0.6416772	0.5551689	0.9078998	0.0044364	0.6401146	0.2607899	0.4354972	0.7076614	0.6727675	0.0100620	0.6359527	0.0282991	
388	0.0694927	0.3963666	0.0000000	0.4005605	0.1389371	0.1496602	0.0002773	0.1490320	-0.0022080	0.3952113	0.1766539	0.1755738	0.0006289	0.1651090	0.0113822	
389	0.0694927	0.3798514	0.0000000	0.3839427	0.1389371	0.1415065	0.0002773	0.1408434	-0.0021731	0.3880032	0.1715149	0.1729698	0.0006289	0.1629128	0.0109745	
390	0.0694927	0.5450041	0.0000000	0.4301354	0.1389371	0.1577532	0.0002773	0.1505910	0.0043261	0.4480068	0.1776040	0.1744929	0.0006289	0.1639553	0.0114551	
391	0.0694927	0.3798514	0.0000000	0.3839427	0.1389371	0.1415065	0.0002773	0.1408434	-0.0021731	0.3833325	0.1692323	0.1802707	0.0006289	0.1606357	0.0205524	
392	0.7644197	0.2807597	0.0000000	0.4248172	1.5229960	1.6863290	0.0335505	1.6497730	0.0004462	0.4408625	2.0230790	1.8859340	0.0760938	1.7554270	0.0559599	
393	0.0694927	0.3633361	0.0000000	0.3821745	0.1389371	0.1413246	0.0002773	0.1406586	-0.0021702	0.3799021	0.1679124	0.1783939	0.0006289	0.1606989	0.0186125	
394	0.0694927	0.2477291	0.0000000	0.4024184	0.1389371	0.1511592	0.0002773	0.1504632	-0.0021402	0.4079760	0.1902604	0.2151339	0.0006289	0.1785933	0.0374581	
395	0.1389854	0.2807597	0.0000000	0.4123366	0.2777776	0.3037308	0.0011091	0.3024053	-0.0023425	0.4111938	0.3841359	0.4072942	0.0025155	0.3546576	0.0516675	
396	0.2084781	0.3798514	0.0000000	0.4178828	0.4165216	0.4464418	0.0024955	0.4375546	0.0038327	0.3599505	0.4664886	0.4690712	0.0056599	0.4507826	0.0141751	
397	0.1389854	0.2642444	0.0000000	0.4050844	0.2777776	0.3027084	0.0011091	0.3016104	-0.0025701	0.4116474	0.3878149	0.3767840	0.0025155	0.3547251	0.0210897	
398	0.0694927	0.5780347	0.0000000	0.4373600	0.1389371	0.1569647	0.0002773	0.1528924	0.0012362	0.4572419	0.1883731	0.2013085	0.0006289	0.1764827	0.0257432	
399	0.2084781	0.2972750	0.0000000	0.3633259	0.4165216	0.4113402	0.0024955	0.4086325	-0.0023467	0.2808530	0.3475312	0.3127076	0.0056599	0.3070221	0.0015720	
400	0.3474635	0.5615194	0.0000000	0.4367936	0.6937197	0.7659860	0.0069319	0.7579920	-0.0014968	0.4719345	0.9521753	1.0313240	0.0157218	0.8683624	0.1487861	
401	0.1389854	0.5284889	0.0000000	0.4230490	0.2777776	0.3034449	0.0011091	0.3023095	-0.0025326	0.4489282	0.3703765	0.3558837	0.0025155	0.3534419	0.0014726	
402	0.2779708	0.5284889	0.0000000	0.4230490	0.5551689	0.6072710	0.0044364	0.6024008	-0.0021251	0.4643649	0.7577769	0.8168975	0.0100620	0.6977051	0.1106768	
403	0.1389854	0.3303055	0.0000000	0.4822128	0.2777776	0.4185321	0.0011091	0.2891975	0.1256666	0.3416645	0.3036770	0.3046010	0.0025155	0.2897676	0.0138643	
404	0.1389854	0.4954583	0.0000000	0.4044214	0.2777776	0.2920765	0.0011091	0.2909254	-0.0025169	0.4129303	0.3400585	0.3356419	0.0025155	0.3331458	0.0015269	
405	0.1389854	0.5615194	0.0000000	0.4548273	0.2777776	0.3372987	0.0011091	0.3118293	0.0218013	0.4418406	0.3817449	0.3926041	0.0025155	0.3451792	0.0464557	
406	0.9034051	0.5450041	0.0000000	0.4323318	1.7986490	1.9967660	0.0468598	1.9447400	0.0026072	0.4677457	2.2933520	2.4134120	0.1062797	2.1243430	0.1843361	
407	0.0694927	0.3633361	0.0000000	0.4347423	0.1389371	0.2212843	0.0002773	0.1520925	0.0663555	0.4071964	0.1947236	0.1934574	0.0006289	0.1747768	0.0195980	
408	0.0694927	0.4954583	0.0000000	0.4474025	0.1389371	0.1729948	0.0002773	0.1455903	0.0245682	0.4191957	0.1765328	0.2014067	0.0006289	0.1719707	0.0303535	
409	1.6678250	0.3468208	0.0000000	0.4060928	3.3078330	3.5151600	0.1597115	3.3515860	0.0013036	0.4093510	4.2214340	4.7905360	0.3622314	3.9629180	0.4669331	
410	0.1389854	0.4789430	0.0000000	0.4020869	0.2777776	0.2912360	0.0011091	0.2901781	-0.0026101	0.4261912	0.3595436	0.3908452	0.0025155	0.3472876	0.0425884	
411	0.1389854	0.4459125	0.0000000	0.3970725	0.2777776	0.2871115	0.0011091	0.2860559	-0.0026124	0.3839704	0.3240675	0.3162745	0.0025155	0.3138066	0.0014987	
412	0.0694927	0.4954583	0.0000000	0.4059271	0.1389371	0.1475286	0.0002773	0.1468729	-0.0021805	0.4391969	0.1879204	0.1932019	0.0006289	0.1779416	0.0161777	
413	1.4593470	0.3468208	0.0000000	0.4028052	2.8973970	3.1156040	0.1222791	2.9913100	-0.0005431	0.4046732	3.7757630	4.2548540	0.2773335	3.5425710	0.4364952	
414	0.3474635	0.4954583	0.0000000	0.4059271	0.6937197	0.7362827	0.0069319	0.7288189	-0.0020270	0.4492046	0.9320335	0.9331508	0.0157218	0.8651224	0.0538528	
415	0.2779708	0.4789430	0.0000000	0.4020869	0.5551689	0.5830006	0.0044364	0.5781380	-0.0021328	0.4238310	0.7121310	0.7295135	0.0100620	0.6854955	0.0355024	
416	0.0694927	0.5284889	0.0000000	0.4106513	0.1389371	0.1478059	0.0002773	0.1471502	-0.0021805	0.4548817	0.2019986	0.2061429	0.0006289	0.1869345	0.0201259	
417	0.0694927	0.5119736	0.0000000	0.4088832	0.1389371	0.1478232	0.0002773	0.1471502	-0.0021631	0.4460577	0.1929510	0.1911384	0.0006289	0.1781357	0.0139202	
418	0.1389854	0.5615194	0.0000000	0.4295967	0.2777776	0.3058364	0.0011091	0.3047349	-0.0025665	0.4532445	0.4091554	0.3803410	0.0025155	0.3775677	0.0018042	
419	0.0694927	0.5119736	0.0000000	0.4088832	0.1389371	0.1478232	0.0002773	0.1471502	-0.0021631	0.4458309	0.1937799	0.2360636	0.0006289	0.1781818	0.0587992	
420	0.4169562	0.4789430	0.0000000	0.4020869	0.8321739	0.8737428	0.0099820	0.8638798	-0.0026779	0.4342852	1.0848540	1.0846110	0.0226395	1.0209290	0.0425887	
421	0.0694927	0.2312139	0.0000000	0.3928870	0.1389371	0.1599281	0.0002773	0.1452021	0.0118898	0.3249307	0.1537895	0.1594490	0.0006289	0.1486050	0.0117615	
422	0.3474635	0.5119736	0.0000000	0.4088901	0.6937197	0.7376518	0.0069319	0.7302053	-0.0020443	0.4485100	0.9469789	0.8908001	0.0157218	0.8655296	0.0110950	
423	0.0694927	0.5615194	0.0000000	0.4282084	0.1389371	0.1526496	0.0002773	0.1519873	-0.0021739	0.4489282	0.2054480	0.2736093	0.0006289	0.1938797	0.0806471	
424	1.4593470	0.6275805	0.0000000	0.5396153	2.8973970	3.3517490	0.1222791	3.1373200	0.0895910	0.4786464	3.9078930	4.1855010	0.2773335	3.5499170	0.3597960	
425	0.3474635	0.3963666	0.0000000	0.4376846	0.6937197	0.7810543	0.0069319	0.7483549	0.0232085	0.3844452	0.9049992	1.0655580	0.0157218	0.8632235	0.1881592	
426	0.1389854	0.5450041	0.0000000	0.4135107	0.2777776	0.2970155	0.0011091	0.2959831	-0.0026356	0.4320313	0.4036721	0.5282444	0.0025155	0.3852556	0.1420196	
427	0.5559416	0.4789430	0.0000000	0.3969966	1.1087930	1.1716070	0.0177457	1.1487850	0.0025183	0.3878473	1.2987440	1.3907250	0.0402479	1.2422750	0.1097492	
428	0.0694927	0.3303055	0.0000000	0.3947173	0.1389371	0.1496515	0.0002773	0.1483755	-0.0015602	0.3918305	0.1829726	0.2189759	0.0006289	0.1766771	0.0432163	
429	0.3474635	0.5119736	0.0000000	0.4234013	0.6937197	0.7861839	0.0069319	0.7434238	0.0332693	0.4220307	0.9605088	1.1227760	0.0157218	0.9180229	0.1905775	
430	0.0694927	0.1486375	0.0000000	0.3497678	0.1389371	0.1355451	0.0002773	0.1350789	-0.0023700	0.2590586	0.1145133	0.1095223	0.0006289	0.1090621	0.0013777	
431	0.0694927	0.2972750	0.0000000	0.3934050	0.1389371	0.1681944	0.0002773	0.1477932	0.0175650	0.3845445	0.1798675	0.1944203	0.0006289	0.1757545	0.0195833	
432	0.4864489	0.2312139	0.0000000	0.4384236	0.9705315	1.0939440	0.0135866	1.0035280	0.0742699	0.3153270	0.9442053	0.9316179	0.0308148	0.8736726	0.0286768	
433	0.0694927	0.4459125	0.0000000	0.3877000	0.1389371	0.1446692	0.0002773	0.1438938	-0.0020608	0.3463069	0.1580232	0.1857930	0.0006289	0.1585183	0.0281921	
434	0.0694927	0.1486375	0.0000000	0.3478063	0.1389371	0.1371134	0.0002773	0.1365258	-0.0022486	0.2896841	0.1304214	0.1266886	0.0006289	0.1256354	0.0019706	
435	0.0694927	0.1981833	0.0000000	0.3589884	0.1389371	0.1389850	0.0002773	0.1382353	-0.0020865	0.3014282	0.1374669	0.1457121	0.0006289	0.1322162	0.0144133	
436	0.0694927	0.1651528	0.0000000	0.3377983	0.1389371	0.1338901	0.0002773	0.1333126	-0.0022587	0.2992169	0.1363639	0.1412510	0.0006289	0.1321808	0.0099876	
437	0.0694927	0.1651528	0.0000000	0.3377983	0.1389371	0.1338901	0.0002773	0.1333126	-0.0022587	0.2810372	0.1266787	0.1239177	0.0006289	0.1232923	0.0015428	
438	0.1389854	0.3633361	0.0000000	0.4366209	0.2777776	0.3892707	0.0011091	0.2926558	0.0929469	0.3763583	0.3519562	0.3795451	0.0025155	0.3389783	0.0395976	
439	0.2779708	0.4954583	0.0000000	0.4086553	0.5551689	0.6135617	0.0044364	0.5869683	0.0195981	0.3815960	0.7181691	0.7083873	0.0100620	0.6359790	0.0638926	
440	0.1389854	0.3468208	0.0000000	0.3797710	0.2777776	0.2869036	0.0011091	0.2857820	-0.0025465	0.3110390	0.2969503	0.2866683	0.0025155	0.2820577	0.0036415	
441	0.2084781	0.3798514	0.0000000	0.3898549	0.4165216	0.4328985	0.0024955	0.4283958	-0.0005516	0.3225847	0.4623314	0.4567591	0.0056599	0.4224441	0.0302014	
442	0.0694927	0.1816680	0.0000000	0.4108033	0.1389371	0.2197679	0.0002773	0.1338581	0.0830736	0.2558409	0.1186896	0.1206554	0.0006289	0.1134270	0.0081458	
443	0.0694927	0.1156069	0.0000000	0.3294618	0.1389371	0.1290464	0.0002773	0.1285350	-0.0023248	0.2521199	0.1176311	0.1190341	0.0006289	0.1124483	0.0075032	
444	0.0694927	0.2972750	0.0000000	0.3722771	0.1389371	0.1440367	0.0002773	0.1432663	-0.0020659	0.3250158	0.1723629	0.2084816	0.0006289	0.1556751	0.0537239	
445	0.0694927	0.2972750	0.0000000	0.3722771	0.1389371	0.1440367	0.0002773	0.1432663	-0.0020659	0.3226769	0.1731344	0.2091497	0.0006289	0.1555567	0.0545105	
446	0.0694927	0.2312139	0.0000000	0.3604181	0.1389371	0.1578225	0.0002773	0.1392998	0.0156866	0.2886706	0.1473370	0.1367506	0.0006289	0.1326016	0.0050664	
447	0.0694927	0.2477291	0.0000000	0.3453820	0.1389371	0.1350165	0.0002773	0.1344215	-0.0022412	0.2985649	0.1649157	0.1484143	0.0006289	0.1447416	0.0045901	
448	2.4322450	0.3468208	0.0000000	0.4079300	4.8053310	4.8385070	0.3396642	4.4648610	0.0314229	0.3419409	4.6117540	5.1299910	0.7703707	4.0997720	0.2613945	
449	0.0694927	0.3468208	0.0000000	0.3631048	0.1389371	0.1633334	0.0002773	0.1361578	0.0243394	0.2853394	0.1598085	0.1515390	0.0006289	0.1447596	0.0076969	
450	0.0694927	0.1651528	0.0000000	0.3263951	0.1389371	0.1309267	0.0002773	0.1303765	-0.0022860	0.2444015	0.1285469	0.1321716	0.0006289	0.1203133	0.0127758	
451	0.2779708	0.3303055	0.0000000	0.5677398	0.5551689	0.7107906	0.0044364	0.5297551	0.1740401	0.2597178	0.5343485	0.4880849	0.0100620	0.4766542	0.0029150	
452	1.1118830	0.2807597	0.0000000	0.3326942	2.2114040	2.1134300	0.0709829	2.0418860	-0.0019971	0.2527436	1.9115110	2.0007140	0.1609917	1.8013020	0.0399661	
453	0.0694927	0.3137903	0.0000000	0.3420874	0.1389371	0.1350598	0.0002773	0.1324240	-0.0002004	0.2489659	0.1402023	0.1655707	0.0006289	0.1331973	0.0332908	
454	0.0694927	0.2642444	0.0000000	0.3144947	0.1389371	0.1254245	0.0002773	0.1249873	-0.0023990	0.2539697	0.1398835	0.1905488	0.0006289	0.1335714	0.0578949	
455	0.2084781	0.2807597	0.0000000	0.3162629	0.4165216	0.3761954	0.0024955	0.3735754	-0.0024344	0.2702358	0.4250891	0.4005829	0.0056599	0.3875113	0.0089581	
456	0.8339124	0.2972750	0.0000000	0.3192190	1.6608710	1.5059690	0.0399279	1.4654650	-0.0019828	0.2790740	1.5918560	1.6868460	0.0905579	1.4422060	0.1556292	
457	0.4169562	0.2642444	0.0000000	0.3085687	0.8321739	0.7132428	0.0099820	0.7033001	-0.0025982	0.2579813	0.7359008	0.7087410	0.0226395	0.6860542	0.0015937	
458	0.0694927	0.2807597	0.0000000	0.3162629	0.1389371	0.1255111	0.0002773	0.1250797	-0.0024048	0.2649059	0.1418664	0.1428330	0.0006289	0.1333144	0.0104360	
459	0.0694927	0.2807597	0.0000000	0.3162629	0.1389371	0.1255111	0.0002773	0.1250797	-0.0024048	0.2639278	0.1410503	0.1424301	0.0006289	0.1332625	0.0100851	
460	0.1389854	0.2807597	0.0000000	0.3162629	0.2777776	0.2509876	0.0011091	0.2496048	-0.0022853	0.2619220	0.2795310	0.3502140	0.0025155	0.2639632	0.0852817	
461	0.0694927	0.2477291	0.0000000	0.3049771	0.1389371	0.1182239	0.0002773	0.1177897	-0.0024020	0.2480799	0.1258626	0.1210582	0.0006289	0.1204611	0.0015146	
462	0.1389854	0.2807597	0.0000000	0.3103368	0.2777776	0.2409363	0.0011091	0.2396092	-0.0023409	0.2586901	0.2684495	0.2809200	0.0025155	0.2637113	0.0162395	
463	1.4593470	0.2807597	0.0000000	0.3103368	2.8973970	2.5279940	0.1222791	2.4052630	-0.0021072	0.2787125	2.3191870	2.7680380	0.2773335	2.2706930	0.2215584	
464	0.0694927	0.2642444	0.0000000	0.5143225	0.1389371	0.2919985	0.0002773	0.1173832	0.1717792	0.2178726	0.0970621	0.1369373	0.0006289	0.0997096	0.0381452	
465	0.0694927	0.2312139	0.0000000	0.2854101	0.1389371	0.1114653	0.0002773	0.1110737	-0.0024446	0.2156258	0.0947412	0.1341172	0.0006289	0.0993619	0.0356728	
466	0.0694927	0.2312139	0.0000000	0.2854101	0.1389371	0.1114653	0.0002773	0.1110737	-0.0024446	0.2049378	0.0853430	0.1158406	0.0006289	0.0898839	0.0268741	
467	0.0694927	0.1486375	0.0000000	0.2929938	0.1389371	0.1304761	0.0002773	0.0963189	0.0313210	0.1723490	0.0568103	0.0553114	0.0006289	0.0542531	0.0019758	
468	0.2779708	0.1651528	0.0000000	0.3150749	0.5551689	0.4627838	0.0044364	0.4226470	0.0331414	0.1922864	0.2713314	0.3344627	0.0100620	0.2852222	0.0407249	
469	0.0694927	0.1486375	0.0000000	0.2754919	0.1389371	0.1039962	0.0002773	0.1035793	-0.0024194	0.1875873	0.0673435	0.0896342	0.0006289	0.0707232	0.0198284	
470	0.0694927	0.1486375	0.0000000	0.2754919	0.1389371	0.1039962	0.0002773	0.1035793	-0.0024194	0.1872471	0.0664190	0.0843379	0.0006289	0.0697610	0.0154943	
471	0.3474635	0.3468208	0.0000000	0.2735649	0.6937197	0.4813353	0.0069319	0.4741188	-0.0022743	0.2182908	0.3032944	0.3181120	0.0157218	0.2890733	0.0148632	
472	0.1389854	0.3468208	0.0000000	0.2735649	0.2777776	0.1927421	0.0011091	0.1913112	-0.0022371	0.2202115	0.1308231	0.1416539	0.0025155	0.1228947	0.0177900	
473	0.1389854	0.3303055	0.0000000	0.2570922	0.2777776	0.1811658	0.0011091	0.1797144	-0.0022166	0.2277244	0.1290060	0.1242124	0.0025155	0.1194110	0.0038322	
474	0.1389854	0.3633361	0.0000000	0.2606285	0.2777776	0.1819110	0.0011091	0.1804538	-0.0022109	0.2501566	0.1364085	0.1270227	0.0025155	0.1218126	0.0042410	
475	0.0694927	0.3633361	0.0000000	0.2562841	0.1389371	0.0892225	0.0002773	0.0888204	-0.0024340	0.2438912	0.0660938	0.0626811	0.0006289	0.0589757	0.0046228	
476	0.0694927	0.3633361	0.0000000	0.2606285	0.1389371	0.0908775	0.0002773	0.0905042	-0.0024629	0.2560535	0.0729225	0.0745805	0.0006289	0.0662225	0.0092755	
477	0.0694927	0.3798514	0.0000000	0.2580523	0.1389371	0.0894998	0.0002773	0.0890976	-0.0024340	0.2442668	0.0661257	0.0628972	0.0006289	0.0589190	0.0048956	
478	0.2084781	0.3468208	0.0000000	0.2735649	0.4165216	0.2888012	0.0024955	0.2861349	-0.0023881	0.2215440	0.1920967	0.2013871	0.0056599	0.1779812	0.0192924	
479	0.1389854	0.3963666	0.0000000	0.2598204	0.2777776	0.1793808	0.0011091	0.1778255	-0.0021128	0.2454859	0.1301792	0.1207340	0.0025155	0.1147009	0.0050639	
480	0.0694927	0.3633361	0.0000000	0.2562841	0.1389371	0.0892225	0.0002773	0.0888204	-0.0024340	0.2686765	0.0760531	0.0734210	0.0006289	0.0682479	0.0060906	
481	0.2084781	0.3633361	0.0000000	0.2562841	0.4165216	0.2676068	0.0024955	0.2647974	-0.0022450	0.2758350	0.2260808	0.2160772	0.0056599	0.2019183	0.0100453	
482	0.1389854	0.3798514	0.0000000	0.2580523	0.2777776	0.1791902	0.0011091	0.1776407	-0.0021185	0.2806970	0.1557916	0.1436682	0.0025155	0.1374484	0.0052507	
483	0.6254343	0.3798514	0.0000000	0.2580523	1.2469570	0.8046228	0.0224594	0.7819147	-0.0023102	0.2836313	0.6135387	0.6257395	0.0509388	0.5492073	0.0271397	
484	0.0694927	0.3963666	0.0000000	0.2598204	0.1389371	0.0895864	0.0002773	0.0891901	-0.0024398	0.2776919	0.0784314	0.0705322	0.0006289	0.0698902	0.0015594	
485	0.2084781	0.4128819	0.0000000	0.2476299	0.4165216	0.2532144	0.0024955	0.2504559	-0.0022959	0.2201477	0.1746583	0.1591837	0.0056599	0.1534887	0.0015815	
486	0.0694927	0.3963666	0.0000000	0.2598204	0.1389371	0.0895864	0.0002773	0.0891901	-0.0024398	0.2746301	0.0775834	0.0696871	0.0006289	0.0691333	0.0014712	
487	0.0694927	0.3963666	0.0000000	0.2598204	0.1389371	0.0895864	0.0002773	0.0891901	-0.0024398	0.2728652	0.0783166	0.0942230	0.0006289	0.0708211	0.0243193	
488	0.0694927	0.4293972	0.0000000	0.2517740	0.1389371	0.0854273	0.0002773	0.0842247	-0.0016336	0.2381431	0.0663042	0.0617279	0.0006289	0.0577430	0.0049024	
489	0.2084781	0.4128819	0.0000000	0.2742349	0.4165216	0.2733083	0.0024955	0.2661838	0.0020702	0.2748640	0.2257302	0.2402004	0.0056599	0.2044028	0.0316840	
490	0.0694927	0.4128819	0.0000000	0.2476299	0.1389371	0.0844915	0.0002773	0.0840399	-0.0023846	0.2330755	0.0652075	0.0593893	0.0006289	0.0573460	0.0029608	
491	0.1389854	0.3798514	0.0000000	0.2580523	0.2777776	0.1791902	0.0011091	0.1776407	-0.0021185	0.2590090	0.1464061	0.1325352	0.0025155	0.1301225	0.0014435	
492	0.1389854	0.3963666	0.0000000	0.2598204	0.2777776	0.1793808	0.0011091	0.1778255	-0.0021128	0.2532610	0.1427782	0.1297053	0.0025155	0.1271611	0.0015749	
493	0.6949270	0.3963666	0.0000000	0.2432924	1.3850250	0.8225852	0.0277277	0.7942417	-0.0019431	0.2294892	0.5252053	0.5832610	0.0628874	0.4599459	0.0619740	
494	0.2084781	0.3468208	0.0000000	0.2362060	0.4165216	0.2454680	0.0024955	0.2427089	-0.0022953	0.2057812	0.1713363	0.1864710	0.0056599	0.1598358	0.0225216	
495	0.0694927	0.2807597	0.0000000	0.2291334	0.1389371	0.0806702	0.0002773	0.0801636	-0.0023295	0.2010183	0.0582640	0.0663757	0.0006289	0.0557108	0.0115823	
496	0.0694927	0.1981833	0.0000000	0.2202927	0.1389371	0.0800290	0.0002773	0.0795166	-0.0023238	0.1921872	0.0545150	0.0535034	0.0006289	0.0526121	0.0018088	
497	0.1389854	0.1816680	0.0000000	0.2058920	0.2777776	0.1505267	0.0011091	0.1490913	-0.0022326	0.1834623	0.0986370	0.1046977	0.0025155	0.0952737	0.0084548	
498	0.0694927	0.1816680	0.0000000	0.2058920	0.1389371	0.0754453	0.0002773	0.0748229	-0.0022138	0.1774733	0.0490635	0.0552918	0.0006289	0.0488392	0.0073700	
499	0.1389854	0.1816680	0.0000000	0.2058920	0.2777776	0.1505267	0.0011091	0.1490913	-0.0022326	0.1670971	0.0887669	0.0962472	0.0025155	0.0906406	0.0046374	
500	0.2084781	0.1816680	0.0000000	0.2058920	0.4165216	0.2255041	0.0024955	0.2228051	-0.0023554	0.1624193	0.1249954	0.1300197	0.0056599	0.1237185	0.0021877	
501	0.0694927	0.1321222	0.0000000	0.1959255	0.1389371	0.0731578	0.0002773	0.0726347	-0.0023131	0.1476133	0.0406662	0.0425866	0.0006289	0.0420416	0.0014624	
