8	2.0
8	1.0
8	1.0
8	1.0
8	1.0
8	7.0
8	1.0
8	2.0
8	7.0
8	6.0
8	8.0
8	1.0
8	13.0
8	1.0
8	8.0
8	1.0
8	1.0
8	1.0
8	1.0
8	12.0
8	6.0
8	2.0
8	5.0
8	10.0
8	2.0
8	3.0
8	3.0
8	4.0
8	1.0
8	4.0
8	1.0
8	1.0
8	3.0
8	2.0
8	2.0
8	1.0
8	2.0
8	3.0
8	2.0
8	5.0
8	1.0
8	11.0
8	5.0
8	1.0
8	1.0
8	2.0
8	4.0
8	2.0
8	1.0
8	3.0
8	4.0
8	2.0
8	1.0
8	1.0
8	3.0
8	1.0
8	3.0
8	1.0
8	1.0
8	4.0
8	5.0
8	1.0
8	4.0
8	4.0
8	11.0
8	1.0
8	1.0
8	1.0
8	1.0
8	2.0
8	4.0
8	1.0
8	2.0
8	10.0
8	1.0
8	1.0
8	6.0
8	2.0
8	3.0
8	4.0
8	1.0
8	3.0
8	2.0
8	1.0
8	4.0
8	1.0
8	7.0
8	3.0
8	9.0
8	1.0
8	3.0
8	6.0
8	3.0
8	2.0
8	1.0
8	2.0
8	2.0
8	2.0
8	1.0
8	1.0
8	6.0
8	6.0
8	4.0
8	5.0
8	3.0
8	1.0
8	3.0
8	1.0
8	2.0
8	2.0
8	1.0
8	1.0
8	1.0
8	1.0
8	1.0
8	5.0
8	1.0
8	6.0
8	6.0
8	1.0
8	1.0
8	3.0
8	1.0
8	2.0
8	1.0
8	3.0
8	1.0
8	1.0
8	1.0
8	1.0
8	3.0
8	1.0
8	3.0
8	3.0
8	2.0
8	1.0
8	1.0
8	3.0
8	2.0
8	4.0
8	1.0
8	2.0
8	1.0
8	3.0
8	2.0
8	1.0
8	1.0
8	1.0
8	1.0
8	3.0
8	1.0
8	1.0
8	1.0
8	1.0
8	3.0
8	2.0
8	1.0
8	1.0
8	2.0
8	7.0
8	6.0
8	1.0
8	1.0
8	13.0
8	2.0
8	1.0
8	1.0
8	1.0
8	5.0
8	2.0
8	2.0
8	3.0
8	2.0
8	2.0
8	2.0
8	1.0
8	5.0
8	2.0
8	1.0
8	1.0
8	2.0
8	1.0
8	1.0
8	1.0
8	3.0
8	3.0
8	1.0
8	4.0
8	1.0
8	1.0
8	1.0
8	1.0
8	3.0
8	5.0
8	2.0
8	1.0
8	2.0
8	2.0
8	2.0
8	1.0
8	2.0
8	1.0
8	3.0
8	1.0
8	3.0
8	1.0
8	1.0
8	1.0
8	1.0
8	4.0
8	2.0
8	1.0
8	3.0
8	1.0
8	1.0
8	2.0
8	4.0
8	1.0
8	2.0
8	1.0
8	1.0
8	1.0
8	2.0
8	1.0
8	1.0
8	1.0
8	1.0
8	1.0
8	3.0
8	1.0
8	1.0
8	1.0
8	1.0
8	1.0
8	2.0
8	1.0
8	1.0
8	1.0
8	1.0
8	3.0
8	2.0
8	1.0
8	1.0
8	1.0
8	1.0
8	2.0
8	2.0
8	3.0
8	1.0
8	1.0
8	9.0
8	2.0
8	3.0
8	1.0
8	2.0
8	2.0
8	2.0
8	1.0
8	8.0
8	1.0
8	2.0
8	1.0
8	1.0
8	1.0
8	3.0
8	1.0
8	2.0
8	1.0
8	3.0
8	1.0
8	2.0
8	4.0
8	1.0
8	2.0
8	1.0
8	15.0
8	14.0
8	10.0
8	1.0
8	1.0
8	2.0
8	2.0
8	1.0
8	1.0
8	4.0
8	3.0
8	1.0
8	1.0
8	6.0
8	16.0
8	1.0
8	1.0
8	5.0
8	2.0
8	3.0
8	5.0
8	2.0
8	1.0
8	1.0
8	1.0
8	1.0
8	1.0
8	3.0
8	1.0
8	1.0
8	3.0
8	1.0
8	5.0
8	1.0
8	1.0
8	1.0
8	1.0
8	1.0
8	3.0
8	1.0
8	3.0
8	2.0
8	2.0
8	1.0
8	1.0
8	1.0
8	10.0
8	2.0
8	1.0
8	2.0
8	1.0
8	8.0
8	1.0
8	1.0
8	1.0
8	1.0
8	4.0
8	5.0
8	2.0
8	1.0
8	2.0
8	1.0
8	2.0
8	1.0
8	1.0
8	1.0
8	1.0
8	1.0
8	1.0
8	2.0
8	2.0
8	2.0
8	3.0
8	3.0
8	1.0
8	3.0
8	49.0
8	4.0
8	1.0
8	1.0
8	3.0
8	4.0
8	2.0
8	1.0
8	2.0
8	5.0
8	5.0
8	3.0
8	1.0
8	1.0
8	47.0
8	2.0
8	4.0
8	1.0
8	3.0
8	1.0
8	1.0
8	1.0
8	1.0
8	1.0
8	1.0
8	8.0
8	1.0
8	1.0
8	1.0
8	1.0
8	1.0
8	1.0
8	1.0
8	3.0
8	1.0
8	4.0
8	1.0
8	1.0
8	1.0
8	1.0
8	11.0
8	1.0
8	1.0
8	2.0
8	3.0
8	2.0
8	1.0
8	3.0
8	5.0
8	2.0
8	4.0
8	2.0
8	2.0
8	2.0
8	13.0
8	1.0
8	1.0
8	24.0
8	2.0
8	2.0
8	1.0
8	21.0
8	5.0
8	4.0
8	1.0
8	1.0
8	2.0
8	1.0
8	6.0
8	1.0
8	5.0
8	1.0
8	21.0
8	5.0
8	2.0
8	8.0
8	1.0
8	5.0
8	1.0
8	1.0
8	7.0
8	1.0
8	1.0
8	1.0
8	1.0
8	1.0
8	2.0
8	4.0
8	2.0
8	3.0
8	1.0
8	1.0
8	1.0
8	1.0
8	1.0
8	1.0
8	35.0
8	1.0
8	1.0
8	4.0
8	16.0
8	1.0
8	1.0
8	3.0
8	12.0
8	6.0
8	1.0
8	1.0
8	2.0
8	1.0
8	2.0
8	21.0
8	1.0
8	1.0
8	1.0
8	1.0
8	4.0
8	1.0
8	1.0
8	5.0
8	2.0
8	2.0
8	2.0
8	1.0
8	1.0
8	1.0
8	3.0
8	2.0
8	1.0
8	3.0
8	2.0
8	9.0
8	1.0
8	3.0
8	1.0
8	1.0
8	1.0
8	3.0
8	1.0
8	2.0
8	2.0
8	10.0
8	3.0
8	1.0
8	1.0
8	2.0
8	1.0
8	2.0
8	3.0
8	1.0
8	4.0
8	4.0
8	3.0
8	6.0
8	1.0
8	6.0
8	5.0
8	1.0
8	1.0
8	40.0
8	7.0
8	2.0
8	15.0

