1	2.0
2	1.0
3	1.0
4	1.0
5	1.0
6	7.0
7	1.0
8	2.0
9	7.0
10	6.0
11	8.0
12	1.0
13	13.0
14	1.0
15	8.0
16	1.0
17	1.0
18	1.0
19	1.0
20	12.0
21	6.0
22	2.0
23	5.0
24	10.0
25	2.0
26	3.0
27	3.0
28	4.0
29	1.0
30	4.0
31	1.0
32	1.0
33	3.0
34	2.0
35	2.0
36	1.0
37	2.0
38	3.0
39	2.0
40	5.0
41	1.0
42	11.0
43	5.0
44	1.0
45	1.0
46	2.0
47	4.0
48	2.0
49	1.0
50	3.0
51	4.0
52	2.0
53	1.0
54	1.0
55	3.0
56	1.0
57	3.0
58	1.0
59	1.0
60	4.0
61	5.0
62	1.0
63	4.0
64	4.0
65	11.0
66	1.0
67	1.0
68	1.0
69	1.0
70	2.0
71	4.0
72	1.0
73	2.0
74	10.0
75	1.0
76	1.0
77	6.0
78	2.0
79	3.0
80	4.0
81	1.0
82	3.0
83	2.0
84	1.0
85	4.0
86	1.0
87	7.0
88	3.0
89	9.0
90	1.0
91	3.0
92	6.0
93	3.0
94	2.0
95	1.0
96	2.0
97	2.0
98	2.0
99	1.0
100	1.0
101	6.0
102	6.0
103	4.0
104	5.0
105	3.0
106	1.0
107	3.0
108	1.0
109	2.0
110	2.0
111	1.0
112	1.0
113	1.0
114	1.0
115	1.0
116	5.0
117	1.0
118	6.0
119	6.0
120	1.0
121	1.0
122	3.0
123	1.0
124	2.0
125	1.0
126	3.0
127	1.0
128	1.0
129	1.0
130	1.0
131	3.0
132	1.0
133	3.0
134	3.0
135	2.0
136	1.0
137	1.0
138	3.0
139	2.0
140	4.0
141	1.0
142	2.0
143	1.0
144	3.0
145	2.0
146	1.0
147	1.0
148	1.0
149	1.0
150	3.0
151	1.0
152	1.0
153	1.0
154	1.0
155	3.0
156	2.0
157	1.0
158	1.0
159	2.0
160	7.0
161	6.0
162	1.0
163	1.0
164	13.0
165	2.0
166	1.0
167	1.0
168	1.0
169	5.0
170	2.0
171	2.0
172	3.0
173	2.0
174	2.0
175	2.0
176	1.0
177	5.0
178	2.0
179	1.0
180	1.0
181	2.0
182	1.0
183	1.0
184	1.0
185	3.0
186	3.0
187	1.0
188	4.0
189	1.0
190	1.0
191	1.0
192	1.0
193	3.0
194	5.0
195	2.0
196	1.0
197	2.0
198	2.0
199	2.0
200	1.0
201	2.0
202	1.0
203	3.0
204	1.0
205	3.0
206	1.0
207	1.0
208	1.0
209	1.0
210	4.0
211	2.0
212	1.0
213	3.0
214	1.0
215	1.0
216	2.0
217	4.0
218	1.0
219	2.0
220	1.0
221	1.0
222	1.0
223	2.0
224	1.0
225	1.0
226	1.0
227	1.0
228	1.0
229	3.0
230	1.0
231	1.0
232	1.0
233	1.0
234	1.0
235	2.0
236	1.0
237	1.0
238	1.0
239	1.0
240	3.0
241	2.0
242	1.0
243	1.0
244	1.0
245	1.0
246	2.0
247	2.0
248	3.0
249	1.0
250	1.0
251	9.0
252	2.0
253	3.0
254	1.0
255	2.0
256	2.0
257	2.0
258	1.0
259	8.0
260	1.0
261	2.0
262	1.0
263	1.0
264	1.0
265	3.0
266	1.0
267	2.0
268	1.0
269	3.0
270	1.0
271	2.0
272	4.0
273	1.0
274	2.0
275	1.0
276	15.0
277	14.0
278	10.0
279	1.0
280	1.0
281	2.0
282	2.0
283	1.0
284	1.0
285	4.0
286	3.0
287	1.0
288	1.0
289	6.0
290	16.0
291	1.0
292	1.0
293	5.0
294	2.0
295	3.0
296	5.0
297	2.0
298	1.0
299	1.0
300	1.0
301	1.0
302	1.0
303	3.0
304	1.0
305	1.0
306	3.0
307	1.0
308	5.0
309	1.0
310	1.0
311	1.0
312	1.0
313	1.0
314	3.0
315	1.0
316	3.0
317	2.0
318	2.0
319	1.0
320	1.0
321	1.0
322	10.0
323	2.0
324	1.0
325	2.0
326	1.0
327	8.0
328	1.0
329	1.0
330	1.0
331	1.0
332	4.0
333	5.0
334	2.0
335	1.0
336	2.0
337	1.0
338	2.0
339	1.0
340	1.0
341	1.0
342	1.0
343	1.0
344	1.0
345	2.0
346	2.0
347	2.0
348	3.0
349	3.0
350	1.0
351	3.0
352	49.0
353	4.0
354	1.0
355	1.0
356	3.0
357	4.0
358	2.0
359	1.0
360	2.0
361	5.0
362	5.0
363	3.0
364	1.0
365	1.0
366	48.0
367	2.0
368	4.0
369	1.0
370	3.0
371	1.0
372	1.0
373	1.0
374	1.0
375	1.0
376	1.0
377	8.0
378	1.0
379	1.0
380	1.0
381	1.0
382	1.0
383	1.0
384	1.0
385	3.0
386	1.0
387	4.0
388	1.0
389	1.0
390	1.0
391	1.0
392	11.0
393	1.0
394	1.0
395	2.0
396	3.0
397	2.0
398	1.0
399	3.0
400	5.0
401	2.0
402	4.0
403	2.0
404	2.0
405	2.0
406	13.0
407	1.0
408	1.0
409	24.0
410	2.0
411	2.0
412	1.0
413	21.0
414	5.0
415	4.0
416	1.0
417	1.0
418	2.0
419	1.0
420	6.0
421	1.0
422	5.0
423	1.0
424	21.0
425	5.0
426	2.0
427	8.0
428	1.0
429	5.0
430	1.0
431	1.0
432	7.0
433	1.0
434	1.0
435	1.0
436	1.0
437	1.0
438	2.0
439	4.0
440	2.0
441	3.0
442	1.0
443	1.0
444	1.0
445	1.0
446	1.0
447	1.0
448	35.0
449	1.0
450	1.0
451	4.0
452	16.0
453	1.0
454	1.0
455	3.0
456	12.0
457	6.0
458	1.0
459	1.0
460	2.0
461	1.0
462	2.0
463	21.0
464	1.0
465	1.0
466	1.0
467	1.0
468	4.0
469	1.0
470	1.0
471	5.0
472	2.0
473	2.0
474	2.0
475	1.0
476	1.0
477	1.0
478	3.0
479	2.0
480	1.0
481	3.0
482	2.0
483	9.0
484	1.0
485	3.0
486	1.0
487	1.0
488	1.0
489	3.0
490	1.0
491	2.0
492	2.0
493	10.0
494	3.0
495	1.0
496	1.0
497	2.0
498	1.0
499	2.0
500	3.0
501	1.0

